	DNTT	CASP12	MYC	PTGS1	CCNG2	CCR7	IKZF1	IL7R	RUNX2	SELL	TRIB3	SPI1	MEIS1	RAG2	FLT3	NOTCH1	IL12A	SOCS2	PF4	BCL2	NFIA	PDGFRB	GATA2	MLLT3	TSC22D3	ESR1	ELF1	IGHM	IRF8	MEF2C	NCF1	PIRB	SLC2A3	TIE1	APOE	GGTA1	ICA1	KCTD12	MOGS	NDRG2	NEAT1	NUDT19	PGR	PRR5	VEGFC	ANKRD44	CCDC112	CD44	CTSL	DACH1	EFNA1	GFI1B	H2-DMA	HNF4A	IPCEF1	ITGB7	RUNX1T1	VAMP5	CDK6	CRIP1	DUSP1	HDAC7	HLF	OSGIN1	RARB	TEK	TMEM14C	MAML3	CDT1	MCM4	MCM7	MKI67	PRIM1	TIPIN	TOP2A	UHRF1	FOXO1	VDR	ANGPT1	ARPP21	FCHO2	IL1R1	PBX1	SATB1	SYK	DENND2D	MPZL1	NCAPD2	PTP4A3	SLC43A2	TUBB4B	FDFT1	IRF6	CKS1B	HMGB2	POLA2	SLBP	2810468N07RIK	ARHGAP27	CAV2	ERP29	FHL1	FUT8	GNG11	GP9	KCNK5	KLF6	MGAT1	MYCT1	PYGL	ST8SIA4	TMEM123	WLS	ARRDC4	HOXA9	NDN	RNF38	AMPD2	AP1S2	CCT2	CD63	EMP1	HNRNPAB	CADPS2	CBX7	CHRNB1	CPXM1	CTSF	DTL	ELL2	ENPP5	ITSN1	ME2	MYO5A	N4BP3	NT5C3	NUPR1	PKN3	RANBP1	RGS19	RHOF	SGMS1	SLC29A1	TAPT1	YBX1	ZFP62	ZNRF2	OBSCN	PRDM16	RASAL3	SPNS2	TMEM246	TRIM16	UNC93B1	ITGB5	MAGED1	NUCB2	H1F0	NPDC1	TGM2	CD74	FKBP9	HSD3B7	CBFB
DNTT	1	0.145346084548525	0.14764905748412	0.307504129729664	0.105497482786423	0.333221609611351	0.337317474588656	0.359640007428866	0.208415757863204	0.297205375495789	0.13437788599512	0.192303826791702	0.232684408625721	0.406357720523993	0.617457169873852	0.412488953731359	0.590914550511171	0.268724591623548	0.238361731874744	0.276646060148457	0.238855553885548	0.206632764763826	0.42037667623	0.38231703999628	0.233535373599706	0.217097251590437	0.309516614644306	0.526740406357346	0.374340432534859	0.347345902932466	0.502795662772414	0.0426822820063125	0.1751342111884	0.380545917985888	0.471057016143116	0.278285362960912	0.092113866574359	0.201031180246748	0.205283666993319	0.17059918785366	0.23791648811173	0.194806900635015	0.247175346144555	0.319277454659358	0.113894444065998	0.178062716253424	0.145722509998584	0.233738551562384	0.158189491096878	0.195515326646664	0.189377045064087	0.153458238602187	0.271631584844852	0.164938417981533	0.172982001937437	0.115293150948665	0.159578366734547	0.287070627484718	0.347655832619818	0.397473200495236	0.198733515254546	0.24852577650749	0.419207654732054	0.174007534844576	0.107375367026243	0.194272309905919	0.207492246396452	0.317350730029987	0.182036563313902	0.180045011252887	0.271495853414495	0.247593931883953	0.176729782200015	0.212896528017279	0.218204262432567	0.254452651669532	0.148735260718881	0.1257662760911	0.360174538779287	0.453673124480868	0.0780091560232747	0.421433627164851	0.196293418029056	0.594507147805474	0.167296739110071	0.19093266152249	0.206187636168059	0.212521731973642	0.18363728037792	0.15875445860166	0.0942245616208201	0.124745237551101	0.147178446047991	0.282138248294347	0.251287346366826	0.217300091668606	0.166802541112554	0.174123992659789	0.17041951480493	0.151825674542047	0.223591305270654	0.233948870853801	0.214865671093098	0.471216277954714	0.0705287815412823	0.142720860037569	0.147843963063647	0.317263694968594	0.375308530654882	0.168441706536568	0.260480688728253	0.113519703225671	0.0841537511715882	0.2247640094538	0.239907021325652	0.282857772262877	0.199052019352472	0.0819307389188271	0.235561624004727	0.10351110387775	0.483011091711382	0.382000226987796	0.201958822654592	0.0939903909945447	0.100972739370675	0.149591449360437	0.141753601059959	0.154295740000682	0.169347826201378	0.156089133387985	0.167039944587903	0.297898887327905	0.137358914904602	0.186134267919631	0.176106621218708	0.141054204273427	0.160974926206638	0.158108129369324	0.156608372422394	0.186668762031607	0.240542921838744	0.191437961179894	0.219226665464138	0.236224226072957	0.222374415617796	0.184958131972372	0.144577239522517	0.216670433616321	0.143029969137166	0.19247200538712	0.179674750585141	0.221240470071919	0.165272020532019	0.25191436052445	0.0988326897128976	0.265273670476408	0.260093323095817	0.20310238564736	0.240048103744056	0.420246728618649	0.125391868033669	0.203626485275896	0.211447283020437	0.138110359467655
CASP12	0.145346084548525	1	0.0722153469568194	0.0951872018436777	0.013732705884487	0.0613271090773021	0.0443949206762502	0.085919028107277	0.103875019072384	0.0569498656072007	0.0733157898908664	0.104698930766089	0.122523764745176	0.102197738643657	0.217145482375847	0.101602480575081	0.130873136125828	0.144394686123453	0.129164859202313	0.0685998287299704	0.107297872110124	0.00555150063732255	0.166806226757708	0.167625250379406	0.147580219288433	0.0267101654371778	0.0730947819802461	0.127788627645862	0.0799996723580622	0.10751832658456	0.0949014513274083	0.00137857431862728	0.100027124480112	0.128083480631599	0.207310636959245	0.0839208331383696	0.0886696747292275	0.0823325311217259	0.1125130992682	0.128207138845608	0.152939263599999	0.0484442671969562	0.107571749695573	0.0475100160975903	0.0929175460498443	0.0023023504357998	0.106018666899171	0.0486335310893692	0.0693890647257221	0.10728315679957	0.0888549491096859	0.0438483921088871	0.0247574237577327	0.0742194737255877	0.0569655920154179	0.0963636126469667	0.0455529934409936	0.135216640295355	0.141641728704428	0.182619616145864	0.114162205529788	0.0477150032593814	0.164387917733472	0.0686290653211863	0.0830319478381496	0.112694539156891	0.102768647442305	0.0430480010318851	0.0550348715594123	0.0225316305336402	0.0574585566038878	0.104097971002121	0.0325691264704298	0.0796485659371563	0.117740033164146	0.120209120738329	0.0331142938182538	0.119686915621648	0.117967222215566	0.0810423812234733	0.0603425483409831	0.0380212751369794	0.0884295960960562	0.183594962281742	0.0415619007933652	0.0850167861484615	0.146275494862206	0.0930899153034445	0.00621894466522609	0.0355437813265263	0.019847374844432	0.0168799191926643	0.0441518669167213	0.0634466058335592	0.106274346409978	0.0694560120664117	0.0891607327604454	0.063119286657714	0.036447618555556	0.102211569960893	0.10265415196764	0.171806697337819	0.0657339947868011	0.26293826549437	0.0594959929547393	0.107037059681887	0.122994695129371	0.0809132855920403	0.134626863351321	0.0621140825599907	0.0974610355505253	0.0623917844458475	0.0449701258302553	0.0453990980558377	0.0560284326197729	0.0759971180351657	0.0604546737737228	0.0572946970945321	0.0361261971271477	0.0732508160732758	0.161697053727542	0.0292774426885641	0.0421051882465348	0.0809560740565646	0.0272987997363754	0.0310789138240642	0.0215729161163021	0.123963976740606	0.0464313957576395	0.0967855999901917	0.0651355693959853	0.192112135345208	0.0698655153892618	0.0649401854981711	0.0240280223555158	0.110618468748736	0.0726332710300962	0.0713833223356315	0.0770604022471851	0.0536506483096763	0.137693935007111	0.165093292197439	0.0904307643884192	0.0433414157515809	0.0889597723788523	0.0582896567745263	0.0391605547223306	0.151799230560112	0.0998911487708927	0.0439875758452315	0.0570496229809305	0.123872633578557	0.000917510331650898	0.0458433015133684	0.0435110085865928	0.104686667802236	0.0884180093950094	0.0692074735144344	0.114071722912055	0.208709355010857	0.0480720484347009	0.0142408956485053	0.080458182953048	0.0340871619426923
MYC	0.14764905748412	0.0722153469568194	1	0.0815151591155296	0.020557484879219	0.0104515904862893	0.0953647387190902	0.0366570711334294	0.0354739507814673	0.211042529630466	0.152902021140944	0.108347399114647	0.0125293816850845	0.0462676791024263	0.243629046779569	0.0230755639476272	0.174001817659771	0.140727381461667	0.00962865832720768	0.156697122520667	0.03913967167808	0.106248813495788	0.0745317219780545	0.236696170410702	0.00353698493408966	0.0789990437081938	0.103113607671273	0.0107817511512639	0.075864363780997	0.0765858470427903	0.0633686625990754	0.092384680738016	0.0393318386445438	0.0319508782605034	0.163182529630767	0.0981507749063232	0.0459799571851544	0.150068107472006	0.174580831132056	0.0830219606058847	0.158425415071315	0.167797678863548	0.0398501387238897	0.0692255207940666	0.0635695265898426	0.0168944645239028	0.0826496661611319	0.186438847601058	0.0317254067462092	0.0325551837243787	0.14922401915138	0.0817686211190273	0.184067126975312	0.137258529884227	0.0483396011443761	0.0109743719906762	0.145546458058569	0.103228526425156	0.368743423646402	0.26026427849554	0.0620224824643505	0.139336084215819	0.0422942753299006	0.0466973244186002	0.0761679888175467	0.0997832654642043	0.201299529577043	0.12392533369871	0.224257987029014	0.19080154179192	0.197273338970001	0.0377348200707656	0.250455463818612	0.234392349280422	0.149436257679421	0.190714548968067	0.113835408644906	0.0345088938962348	0.129421157173036	0.0303078723741712	0.0601752991722393	0.113769132142996	0.0818806851480603	0.169408776794732	0.183584103287174	0.0153690654826388	0.111686488510294	0.11149755084922	0.11106085014462	0.0409021629358409	0.0682374002015546	0.00775579013726083	0.0738589698204043	0.201210004356704	0.129853484889048	0.143558441650543	0.204318846435844	0.0840516060993375	0.077563611217352	0.173588642791573	0.175505728765661	0.108373253481511	0.0296130197703391	0.157877502312159	0.0456510034961092	0.0275337070386404	0.148769060514396	0.0820053669999395	0.0599485169305747	0.0101431903301252	0.0362172753966644	0.114929468669861	0.02093261013748	0.0454911121500308	0.109837129186567	0.141418815113074	0.0989772235252804	0.0820836763079101	0.0523099183166641	0.181111851113027	0.0298405424351043	0.00967237663144123	0.360595766275667	0.00718300029414591	0.0323210995757542	0.0432082222106283	0.0673784202313613	0.0175065056565428	0.203428385654486	0.0786323244279135	0.0591117090000869	0.152656459070927	0.114623242201479	0.0972093034411634	0.104324700752229	0.0472202825778866	0.0750388940906268	0.0127471744865394	0.29949959172234	0.152267151403887	0.132361013238094	0.0421731588883003	0.128218608553661	0.0743451078696314	0.295294950981994	0.0826479967745001	0.117511945403429	0.213034352520156	0.0188416299190575	0.152143849324618	0.0945138939432602	0.132430586453318	0.0890499024278564	0.0661573260360579	0.0117843633217532	0.0995324203610163	0.0193436353582766	0.122340421054709	0.0676162601509928	0.188468175388232	0.230506557424026	0.0294137159423028	0.119754075573749	0.14324978310568
PTGS1	0.307504129729664	0.0951872018436777	0.0815151591155296	1	0.100404579661616	0.132943008646859	0.170518883165873	0.157676322339412	0.119026378462279	0.157963005878382	0.126075332918278	0.123440105206822	0.206206833287832	0.158023873525347	0.318279179938509	0.14984053145922	0.227645629921791	0.1953110995544	0.170288119719979	0.107806508199309	0.123263923215208	0.0837129621494864	0.240109841940751	0.222420534572202	0.183916713279655	0.0759991827321568	0.147048667327786	0.31269961566791	0.167385573053144	0.0900283084362864	0.200723103073544	0.0464441417397696	0.0677552102986625	0.21488962141017	0.288271428321682	0.134694309586407	0.115718731025256	0.0839227247490052	0.0439087022896223	0.0639403643435275	0.134541886746838	0.0498826548298442	0.13414058886659	0.143977020724038	0.167529049060824	0.0724399153415063	0.128062347087007	0.0665191385110716	0.08154206001125	0.123088756166385	0.165554387433758	0.0983101371067036	0.140910506036183	0.0323261673542136	0.0959372418473535	0.0517733501881344	0.101977749990368	0.249351846617097	0.135582333029894	0.20295357041461	0.117388457191123	0.0844627372776834	0.185181665852955	0.131949498884142	0.0974031704382088	0.120937497681218	0.08287955162317	0.135216480668652	0.0283311264388251	0.0516333778518542	0.0793663753099806	0.0673709040885396	0.0483077785068974	0.0288073029884822	0.074070456769577	0.0766856614944467	0.0341848436338061	0.0982009977421632	0.237303288770702	0.174585865872982	0.0471406801349889	0.171924981533093	0.150008847330105	0.303278858582255	0.0553315532526545	0.110413231474241	0.129392202990937	0.0648021219094851	0.0672090183081396	0.0775867914700051	0.106077265174059	0.0328273273491856	0.108178387165806	0.0735287510199905	0.0872931984113061	0.0203465576405104	0.00274350593855377	0.100207446497427	0.0328390116916226	0.125661613225486	0.118102079309578	0.16424931969342	0.0599107192455452	0.24249184865479	0.0850986405162699	0.119001047841234	0.108800246287389	0.119769093484711	0.18804189218769	0.115696162582224	0.130369104838588	0.0359126751633322	0.0936158390064985	0.126593606808093	0.0999009514811251	0.182453150425032	0.0480556357154232	0.0505103614792475	0.0892424535220897	0.0581391189211399	0.302481280172885	0.189384572611133	0.0358664411462242	0.0443503415801269	0.0873749934932427	0.158846796031063	0.110573443247594	0.0029399033236587	0.046092218711532	0.130241632520736	0.0998338672557315	0.213715863335396	0.00108489185138943	0.107305881457384	0.106849414216929	0.119796952339861	0.12829231585116	0.148224783273317	0.0983404895328842	0.0931634276475406	0.168061355763661	0.121819656536705	0.0456059192726533	0.0673587137000031	0.103600807524331	0.0698686426782045	0.112174173423504	0.126477962598262	0.0651382558586419	0.0613772498517616	0.131854145790272	0.16746903618535	0.0176995700575456	0.109883688462643	0.112369876855971	0.106753443011453	0.131523511283618	0.069550888943525	0.163473225374036	0.271014420695492	0.0516602499992896	0.179763858369792	0.106868706699039	0.0172611304629869
CCNG2	0.105497482786423	0.013732705884487	0.020557484879219	0.100404579661616	1	0.0914742136506408	0.110366115932629	0.0978723668610735	0.0322995314787631	0.107511112717646	0.0221333567027989	0.0422349640113923	0.0816496832879925	0.124894751778014	0.156323410393687	0.101748595540714	0.131161269225525	0.0724795525968557	0.0750662126133271	0.0404435748960888	0.0214342263958781	0.0979841899563891	0.0483640145844773	0.106538634413832	0.0117003092302817	0.10747240210633	0.106467587583747	0.119199627982372	0.0463577641867303	0.0786855540134501	0.0950373870249844	0.0317069936928795	0.067609796378614	0.0480618538263714	0.0179132300044074	0.0524973723832342	0.0914948602132397	0.0608926674606835	0.0692228731739511	0.0237618069069728	0.0451828343070158	0.0205377760000862	0.0632241186452729	0.0476419366681153	0.0610636463461925	0.0536114129056972	0.0296863762348528	0.047759270995088	0.0132744536956377	0.0200226923042515	0.116121056222509	0.0127078501418005	0.0709700674462653	0.0187313464046368	0.103112542663723	0.0503295615413382	0.0737988749248933	0.029413116527129	0.103703944860269	0.0601794766830697	0.0295644325318647	0.0543813358375696	0.0911613442370517	9.36358075621515e-05	0.035548039850982	0.00643054877273194	0.0111777175063067	0.0708098034153946	0.0609504936488496	0.0134013476791876	0.0225544420349296	0.116514705405812	0.0042988784736983	0.0518760158082283	0.0351593749667047	0.0361170698384852	0.00764826601587507	0.0118365060357165	0.0380922392503613	0.069331441311095	0.0133503122545643	0.0464733224113461	0.0142111691269233	0.127103971497865	0.0404357604433015	0.0428267683985233	0.0130715017118728	0.0979983159330281	0.0610691617173344	0.084781074166211	0.0222186635502566	0.00651003338742296	0.0813592169003634	0.0441963519444591	0.104986704765181	0.0259949239288745	0.00502710986858869	0.0539493882090189	0.0238309570380824	0.0172209460795885	0.0271293137501006	0.119186399776597	0.0272004613204239	0.0185837180074463	0.0729981155416969	0.00147979208991859	0.0252979452164403	0.063892302882371	0.0779387824794779	0.0657543946083979	0.0639080699974377	0.065126128233269	0.0057898852399202	0.0571579194200143	0.000966519456530067	0.0625298725246302	0.117873843363441	0.0903063527201086	0.0882777222031489	0.0124526954700386	0.134675878352502	0.104437397674724	0.0101697167609853	0.0200908489391961	0.0425910391134753	0.115256756926941	0.0471548077435037	0.0134912798195657	0.0122045458280079	0.0267181097916318	0.0116700209298	0.0161199569927893	0.0171890012552508	0.0551398276602642	0.0452789959096799	0.00141501561509231	0.0896788970904962	0.0136774953245019	0.069094560354226	0.0225521086798163	0.0201695903754609	0.03388048906888	0.0470849648044448	0.131589683709975	0.00300871040231026	0.0631638163631146	0.024150201699476	0.115263535924039	0.0359795522096867	0.0558293306043491	0.0154961064868274	0.0199381403160986	0.0770226781593598	0.0406811464895802	0.0742949453685309	0.00984777853022094	0.0265993411583747	0.0261807641948244	0.0132841819865475	0.115945997382808	0.00155359255302143	0.0707538024511056	0.0310236721220013	0.0424998381762765
CCR7	0.333221609611351	0.0613271090773021	0.0104515904862893	0.132943008646859	0.0914742136506408	1	0.155483852125231	0.310695267679705	0.0733947488339982	0.0743018232057493	0.069196205786317	0.0505494599776181	0.0989080813346992	0.192903858016918	0.214594189841906	0.216615741132357	0.200124499050028	0.0494051128313462	0.104277823281399	0.134138494955275	0.103649192251662	0.0932118121536058	0.177437640518873	0.142091076986882	0.176403791185678	0.0820535488695629	0.100248638647403	0.218793410323998	0.196463963162688	0.121295689032827	0.246391719594255	0.0929263665967247	0.0239748997338993	0.145875538690312	0.129478120674319	0.154191204510601	0.107169421168615	0.036548691894699	0.0319835635044743	0.0887677120929699	0.0775826774341003	0.0810789584567659	0.112550101675271	0.133011329917803	0.0805631704900141	0.0743971728058938	0.078776121469199	0.0529705325447977	0.055537786840598	0.0851626348856597	0.0640681652880663	0.0778733170995436	0.0769958534459832	0.0213390677507535	0.122001689176957	0.0835782973744298	0.0360139168921592	0.208225155464318	0.0944689208961849	0.136150929613557	0.124025061642118	0.110924244232211	0.228004654979379	0.0459181495892023	0.0319685097327788	0.0246540282179621	0.0680716077922061	0.173105896821928	0.118297034410645	0.109754824397313	0.146882535520361	0.152562897347213	0.137225732541386	0.0893635329601374	0.0929766668941977	0.130145534318461	0.00957125615209146	0.0656985090730792	0.22266115154319	0.301253364381954	0.0175863165206776	0.119261440170695	0.0974690635287155	0.223177293013277	0.0836725101362435	0.106681737474146	0.0706479027625727	0.12948526061488	0.115920743377566	0.0940467391572084	0.051393539287152	0.0269175331570655	0.0676074570329008	0.0706387432102633	0.0764362371717161	0.100917000111512	0.139508282789982	0.0690538727102839	0.0207625837197759	0.069815335073704	0.0534282177393491	0.105695701302583	0.0601531577881974	0.223092847131064	0.0163552803051465	0.0528497236712183	0.0899226287839389	0.142826693105733	0.161937798090682	0.0930130169250211	0.154409775438984	0.0383863458314465	0.0832184095943146	0.0683705727839945	0.113484622701749	0.0654191053629654	0.0963438399699243	0.102178452642799	0.0829989424743425	0.0464668496418225	0.219673380261753	0.253447007698391	0.0211145593241567	0.0232842301863863	0.0539971571435343	0.072130698105756	0.00275119945353002	0.0412004861539157	0.123818680967504	0.022378832656235	0.0499364022979701	0.111464991581607	0.072318010455442	0.0400677420019889	0.0427340929093424	0.0611192952232586	0.0372780730480816	0.0701621648709995	0.00101820214021725	0.118345219782255	0.0247905245786713	0.0718136892801702	0.07662289808514	0.0749529975444296	0.0471032173108777	0.00698434538012717	0.0440204170602031	0.0788920880807448	0.0308311735134044	0.144307698364894	0.191025516372777	0.0682003502747175	0.0903640397145312	0.154550537705995	0.0579334071407418	0.10439392051444	0.128511157597433	0.0409563618008108	0.0736128574145432	0.134968607119206	0.0974209920787029	0.0587834096382841	0.128130333787056	0.0587760390998827
IKZF1	0.337317474588656	0.0443949206762502	0.0953647387190902	0.170518883165873	0.110366115932629	0.155483852125231	1	0.157626417295659	0.134849968582794	0.165471962207211	0.106746699757	0.124016138233175	0.0984149452399479	0.141427093046515	0.353786714941127	0.218044594468263	0.253550615490818	0.133613596508474	0.0957779337835986	0.122489039242368	0.0303286104849166	0.0610237405382817	0.244706054030324	0.240363958536781	0.107733464455733	0.100667580895746	0.138260052670637	0.27742500880643	0.147343640425724	0.232171337936593	0.208553222659539	0.0583591138020942	0.0754569629860988	0.167582728461659	0.254251736897253	0.136542774338712	0.000609014196428354	0.119290961110349	0.14461518227525	0.134271670789234	0.115398554074208	0.0758091597582106	0.104674068022888	0.164951555354236	0.136466913582638	0.112513076885842	0.123142830501872	0.10679303752176	0.112881966827239	0.0722234174436754	0.20403579386452	0.114701510612959	0.156610311774864	0.0972301940874997	0.0674862915181022	0.0711712343605109	0.104294573436276	0.115962543068002	0.207033662768556	0.231794449108058	0.11371521364442	0.181007986571736	0.148539920603574	0.0973406231219005	0.0763406435769181	0.029113650076043	0.127040279509698	0.134386561947207	0.148545267303249	0.163604012576171	0.143467118163494	0.157708901485258	0.157403726312992	0.126659177986685	0.16557713195474	0.188692142620053	0.0347112979688132	0.0535667873476295	0.127735651045811	0.185743198543224	0.0147671781208866	0.250785894076042	0.129506483265934	0.307247291918493	0.105152858780751	0.0940436763985225	0.0916244100343337	0.16515178160806	0.112589753029816	0.120711531988174	0.0512815238130922	0.0362218374377001	0.0810730760729582	0.181003761081532	0.180929414781832	0.1583922595392	0.0909600951351492	0.0735440501058941	0.150597189458828	0.10104768398508	0.149977526637135	0.133061084482452	0.132436532169335	0.26319161468245	0.0964203243042096	0.0595156764299339	0.101567120872955	0.163770412525165	0.194762579412074	0.0694031549477661	0.160732647529872	0.136295688354354	0.0434305122312259	0.0469729360260759	0.135031341199368	0.120506257368406	0.0793097238648915	0.0378152540612393	0.175784541133378	0.0644910084483954	0.191669470637396	0.146423875988412	0.135429535249328	0.0885369517497217	0.0465182599986359	0.107991417910795	0.138160115856131	0.0704342894221682	0.149831417686704	0.0663893418065399	0.0650779805365773	0.130041524855262	0.0581963282541508	0.117847490167719	0.107878169292462	0.0965994792633644	0.0919764873669743	0.114622466873143	0.126185052754484	0.108151529729193	0.126181771686431	0.076010783197898	0.075803435477107	0.0988256908179168	0.0429437513289951	0.135181201023785	0.0749018776321304	0.169841929471469	0.0334395204787562	0.144300883159257	0.111648124084342	0.151313521807848	0.0462545064706294	0.0840593872864656	0.068923170815304	0.105711841956102	0.121711180044993	0.0418000479782114	0.182981376058009	0.263338005200766	0.0589715762455998	0.124264175756427	0.114033211508842	0.120222230020932
IL7R	0.359640007428866	0.085919028107277	0.0366570711334294	0.157676322339412	0.0978723668610735	0.310695267679705	0.157626417295659	1	0.0195390480052689	0.202815023772341	0.0544617254790194	0.0380039271438195	0.17127297084244	0.418652223813838	0.143980837892994	0.225231967174715	0.209957843074288	0.0210011248438844	0.128899021533272	0.264106726474822	0.0691356082022826	0.0597906375003497	0.204205452139929	0.144931204164191	0.147202464408659	0.127420110969222	0.103614856953053	0.225240187743268	0.286810504451322	0.0716425523609074	0.137140651500132	0.0131611409421928	0.109665180786461	0.156424659396543	0.173394024967078	0.169122655948931	0.0839423397925175	0.0397624176310631	0.0519225387269941	0.0768261639117394	0.148865782359235	0.0294192097438927	0.0218763827748602	0.119904916049224	0.0364783523773778	0.106970950953672	0.111251891923975	0.0441106169258232	0.0840504002706592	0.0942913384116122	0.0595801984173377	0.103208906905235	0.0951644980684888	0.0367965921250087	0.117838407269666	0.0753662365237648	0.0238539100276641	0.250654569161813	0.137270456326876	0.189902640270171	0.104204589680335	0.17397687255604	0.401294899690584	0.0842841336977881	0.0157394600663308	0.0557843461504948	0.0800778385149409	0.190280317193247	0.061116444192217	0.0943149201437428	0.101507818175242	0.137456267361794	0.0669404281274199	0.0728513149649242	0.126158187710841	0.115824725742292	0.000300651057678571	0.0466051018557169	0.271075820023671	0.414839243834036	0.0604365211887156	0.00964809500008694	0.12220660601896	0.208361195625742	0.0838010864795553	0.0837287887762148	0.0527844262628445	0.111700423232665	0.100515010819195	0.0408836298334638	0.107092399173565	0.0433531022493699	0.0827304667805115	0.0808092709438151	0.0968121739610987	0.105904704634934	0.0919286637229208	0.0733726427422683	0.0514007047052482	0.0581224356909869	0.0531017329736163	0.0696332760862065	0.0456268057412619	0.237399527411085	0.00667259025366519	0.021972890294736	0.0625144810204835	0.0729567121446853	0.255746628031869	0.123757884997179	0.118021142613939	0.0394219124350366	0.0886214312713962	0.0439451346617381	0.0193190200873949	0.0966702583795958	0.104859681768543	0.0914504691377765	0.0090666131104528	0.06049647462387	0.291741507291521	0.233659165224618	0.080228281308897	0.0726608242800169	0.0352556695590128	0.0486559930078637	0.0682376485789813	0.0563287305894906	0.133641624539718	0.0357068839128234	0.081960116122072	0.108092359238514	0.0661135704559484	0.0170773954520345	0.0732139650231825	0.0716629085692584	0.0486884444138842	0.0619299935056481	0.0659642601068177	0.0159960595087024	0.0615453315354927	0.119932307730594	0.0669336972683679	0.0939292673278709	0.0532051198510137	0.0902024845212721	0.0891145866503467	0.077505322637248	0.0526249616180711	0.111873952562764	0.211018238312962	0.0633288673533241	0.00266773179257161	0.112457893085476	0.0392316603399608	0.14659560612556	0.139888546964107	0.0957142734327118	0.089889468723854	0.134044822873316	0.0137774972483132	0.0598521428074072	0.193114092417671	0.0439366966376227
RUNX2	0.208415757863204	0.103875019072384	0.0354739507814673	0.119026378462279	0.0322995314787631	0.0733947488339982	0.134849968582794	0.0195390480052689	1	0.0211618278195849	0.0397055699369546	0.141747022094381	0.0234477905121989	0.0657409272047583	0.289197014760528	0.105041209258652	0.200115632501741	0.134056137469941	0.0913065988951397	0.0271994802229088	0.0337276866035036	0.0116010794031461	0.148786464171148	0.189361407657791	0.0923507058703102	0.0815197861331322	0.0994910744131189	0.14266989250881	0.0329582287540164	0.126483371325919	0.179903202953097	0.126901724321712	0.0694256073958946	0.133577643140794	0.246537386347305	0.0864809090971189	0.0197645775913415	0.123313607591007	0.0586318229514421	0.0518637683971775	0.0571227758568673	0.0554062150472346	0.072514708114312	0.0581913491486818	0.0142115584302787	0.0225646391649304	0.0349870275735536	0.0730477122496053	0.0751372561583775	0.0828054048104276	0.0671462207280364	0.00537885559543406	0.126283886389931	0.12378117185885	0.0698791587904375	0.000510157214578046	0.0501501260064104	0.086811192773468	0.10207979191095	0.170754728347028	0.0834208037845753	0.0695800041774229	0.0299928602029874	0.0429047809099449	0.062387315291006	0.0965617929599368	0.0327590027748497	0.149936584225097	0.0565705783133912	0.0366824068691771	0.106082869352015	0.0659356227676703	0.0719556248939189	0.0357194630342692	0.0232030277279015	0.032220639321389	0.0333846392546126	0.0448496440373813	0.0622075054264107	0.0903299346156266	0.0590224692555013	0.172513613162788	0.0489363847374	0.247446564546045	0.0333243936869384	0.112706204913041	0.0627024840468911	0.058938027422249	0.100589763860691	0.077971878229592	0.0425475146853191	0.0685989507984751	0.0315926860209672	0.0662099949222259	0.0965151787915879	0.110116879165392	0.0466838916562612	0.0975275221683543	0.0426684929177616	0.0616108792093194	0.0564372181049638	0.125574850790711	0.0593340835849331	0.155845938207663	0.0642273345894169	0.0967341432262701	0.0728654419178163	0.0747171489313932	0.0448416904324801	0.0312032824470412	0.107329150250253	0.0604109816551269	0.0554823416097363	0.0678188269195285	0.145423615664957	0.0925067052850772	0.0487244711513741	0.0252392891637817	0.0993562479531149	0.0202849629804753	0.129282220738719	0.12916757780251	0.0938259615463862	0.020598292478044	0.030501007764437	0.0527175553409059	0.00637260224310007	0.0376003598998548	0.00742156129844604	0.0279676947834985	0.0437394708770245	0.110683379172461	0.0230457642689511	0.213001219552067	0.0623115977225986	0.0590337057450879	0.104877935892296	0.0502299136596497	0.0537948244941094	0.103600951163879	0.106043592221583	0.0639876859494404	0.0756031771085859	0.0958270323725155	0.0885233533237209	0.0349766296105812	0.0533429502907417	0.151608947295439	0.00121464445874181	0.0924125210455888	0.0288645556553363	0.112632171056968	0.0675625767553234	0.0560370161984291	0.0782237149497955	0.0340920333985511	0.148504595181567	0.0441750731769756	0.0528620355127579	0.231919532045336	0.0963461602834991	0.0553652703973323	0.0936790482582336	0.0661454776407418
SELL	0.297205375495789	0.0569498656072007	0.211042529630466	0.157963005878382	0.107511112717646	0.0743018232057493	0.165471962207211	0.202815023772341	0.0211618278195849	1	0.10239082020372	0.116437570737981	0.139704494621216	0.163049246373353	0.259563983128837	0.0941012018623551	0.195820159073117	0.219377304841609	0.133716660591586	0.269405303948054	0.087359881365977	0.209850480874671	0.113035774331304	0.263237455428762	0.0916121243888553	0.0926159162198615	0.161521285022305	0.119918644959106	0.261199743551959	0.0640904126589011	0.218111025335623	0.0360677141346538	0.124695842237751	0.167234720797492	0.185062905001552	0.164369413836642	0.0112650175025542	0.187031680693998	0.117056017653134	0.0528133691071442	0.168820230005683	0.125953430636147	0.0317420594789513	0.111320270286251	0.0251644506112527	0.133739445882146	0.10436367388295	0.160682215260366	0.116289941687002	0.0355656746346445	0.137575066546514	0.0269053617839074	0.197328342706703	0.021945688622806	0.123977438469757	0.0483863825650056	0.0969602796550659	0.0794399298959413	0.442908216211899	0.264504562081483	0.0698590523459526	0.179005656562863	0.279962403051447	0.125922327786596	0.0806193072364662	0.07112581965379	0.146934033534629	0.186281100932623	0.121743378356739	0.104686309801832	0.078866825534114	0.214991652970129	0.175089481050898	0.132952726195612	0.218496138470017	0.164329219149779	0.0716529551576134	0.0296862843014632	0.0630754924984731	0.129233451127767	0.0410691353125062	0.163406068869325	0.0835207102712674	0.262842057703374	0.144784492383594	0.060316796015593	0.160839360500287	0.159842598738131	0.120904930318433	0.171142287759655	0.0308940187946091	0.0305729413995377	0.0718063913473728	0.189531438056122	0.233722239713756	0.105322116830316	0.090721419003834	0.137699807292014	0.0727806807505503	0.0875083359087307	0.180334938097819	0.128637077088956	0.0393193525218938	0.202101758795777	0.0844856746475516	0.0844636573252138	0.0123113798561013	0.206391486655635	0.200642234631469	0.0588286580988954	0.0668403650096068	0.0813881625652169	0.0337118699046362	0.11684227466867	0.0274966521932055	0.213389208033739	0.102236099753075	0.0271795754158435	0.0833743670268865	0.169836776774199	0.204918289019872	0.10450830483931	0.161484090117424	0.134700966305202	0.0843265556309697	0.123042987742875	0.112029637335924	0.0476181975229921	0.159543450464981	0.119059276650979	0.113445742036678	0.151214847850377	0.129172550319438	0.0835308801958747	0.0393204696114271	0.0685241854555696	0.124915713946479	0.0811696311651337	0.148149715751208	0.162817264720792	0.135726026596034	0.115840620854612	0.111991991804417	0.152045701338862	0.175868599088737	0.097368137006965	0.203983414327228	0.168761531543901	0.114416603391831	0.122002608682122	0.0142888570085026	0.108687004352504	0.0986496481688154	0.137357595755805	0.0212565347205174	0.167126235715274	0.0419207468663159	0.0514154069740508	0.110795182539233	0.28494528792635	0.176240851495124	0.0586134812424688	0.0122617520221346	0.120763360224651
TRIB3	0.13437788599512	0.0733157898908664	0.152902021140944	0.126075332918278	0.0221333567027989	0.069196205786317	0.106746699757	0.0544617254790194	0.0397055699369546	0.10239082020372	1	0.0813266895243888	0.066528164904626	0.0696816720968837	0.194452939678487	0.0136257583767983	0.139219479424359	0.125189231724907	0.102676635026098	0.028070418772456	0.154848496437564	0.0974117898173944	0.13850935524284	0.200525363901531	0.0988613877359169	0.0903416174050916	0.0639091873956223	0.0715755979205577	0.099783794238002	0.0588741046497653	0.103142783388801	0.0200973194531272	0.0820814057691482	0.0860287873444353	0.19609728610341	0.0713340758414101	0.00561245251142264	0.134155751999441	0.055648606952031	0.0605131359823195	0.144999118366387	0.0621488437211365	0.0782491183651184	0.0344864616604732	0.0966326553659514	0.0452446179491492	0.0109365827454909	0.0532959008791273	0.13315014446254	0.0340048232092765	0.273116124845895	0.0429852507116038	0.209489771086678	0.0772005071667094	0.0472465455070365	0.0194217461871907	0.148098226875141	0.0557615107287454	0.17603416149958	0.200423011097181	0.087979159986825	0.0745300545516853	0.0885866923430609	0.123274167863677	0.0873922748447284	0.0637895628552478	0.0424760226192058	0.109253178848038	0.103883778288496	0.0863996176377879	0.0811183341256376	0.0673951139022384	0.077644189696407	0.0904869397965583	0.125339855537709	0.121518431433083	0.0993457610366677	0.107908057930036	0.10741013873858	0.052226074711631	0.0462573191780815	0.0588026059014852	0.0947624491692495	0.15372304451891	0.0687445666221472	0.119864813012163	0.0811397203064284	0.132304489810308	0.0459640210149035	0.0588514429312805	0.0502376043314356	0.0429800081371246	0.0497041821013063	0.156960559991286	0.127881536574012	0.116004079689037	0.0834185378620976	0.141486262514628	0.0468441879517337	0.0968483707818738	0.174974132219718	0.114196116880089	0.092447349225025	0.167956408740577	0.0143294448898185	0.075448047378063	0.0506718844060218	0.0460226028517016	0.155969793910106	0.0716132167757601	0.0509964847988054	0.103498135126723	0.0590938771496569	0.113966278613679	0.0140397436105597	0.0942267534080229	0.0998254109250316	0.120172010319654	0.094080229468445	0.0772958623771134	0.163437933385173	0.0424727398048344	0.139768766548195	0.0528297960360936	0.0571494150041347	0.037772564754266	0.080948312144904	0.0294950245062256	0.0952482179743686	0.0979725057481725	0.0657569295291884	0.136078444419235	0.0403459076951298	0.0637803085568127	0.115922348876829	0.0589451847914712	0.125691649481361	0.13988782089909	0.107687158305148	0.0424033063965649	0.131441315038768	0.0662925297884773	0.0326500489298653	0.0569210321791295	0.0809072514875548	0.0571592712030598	0.0154187845577506	0.137075957227982	0.0555210391154204	0.0230970960738616	0.0201412027662736	0.182503428624582	0.0653772321815112	0.0187756984733565	0.0396915976710864	0.0947374187882205	0.0266386886627391	0.0913233267254823	0.11988892248222	0.186478102406898	0.0648715893650126	0.0165478525397292	0.0630960989313585	0.0804282949281312
SPI1	0.192303826791702	0.104698930766089	0.108347399114647	0.123440105206822	0.0422349640113923	0.0505494599776181	0.124016138233175	0.0380039271438195	0.141747022094381	0.116437570737981	0.0813266895243888	1	0.0179938381010559	0.0415558281391141	0.273405176496861	0.0845911817979121	0.202200909551239	0.136103864583067	0.0355761092938078	0.0401854617324929	0.0577533784695222	0.116818257414883	0.0948604975572039	0.189657619243717	0.0362173027298394	0.0555977590201585	0.119862513778257	0.0866402657447828	0.0944589821043453	0.138077264051969	0.208775064598214	0.0902675500216317	0.0150431168905979	0.0624096658375898	0.121634524833981	0.0554314263302876	0.010607043548126	0.0673169419899936	0.0321092360613072	0.0534522331803712	0.0652280837760507	0.158456950820873	0.0693443278814102	0.094392557741199	0.0599926457889761	0.0413462048310574	0.0311369084136088	0.131022572203078	0.0198537472630936	0.0770186188453811	0.103157210148503	0.0169657033405676	0.172971875338756	0.113614604736493	0.0632573752274187	0.0581888801248123	0.0669305893910757	0.0563594567119269	0.134809135933156	0.15627632818465	0.0494404044827056	0.0991538521263431	0.0619434002820577	0.0219542816657209	0.0988691992856658	0.0668534810187013	0.106378897822025	0.076683758999808	0.0551010238964159	0.101998091689325	0.0642338025994496	0.00236571491668348	0.0864387950766742	0.0912027537611285	0.0219071607795684	0.065562943607354	0.117463910401937	0.0375962375373952	0.0530662575038084	0.0480987340196938	0.0510710429563088	0.123467312663668	0.0958050090832159	0.172079035911767	0.0858502725575596	0.0435840393336448	0.0917533405650131	0.0193116122787421	0.0702941153763175	0.045129311185158	0.0730989410767176	0.000923776518062232	0.0573087113283259	0.133678006306489	0.0788745238649859	0.0671673121259131	0.0724638860498281	0.00357521151740761	0.0313060396676672	0.101934938050001	0.121967005174201	0.136783381372911	0.0278533852845188	0.170410504152314	0.0191758278189434	0.056546489530827	0.0398737744318487	0.130620832598047	0.092992747091402	0.0111509053364399	0.0801761261591482	0.075512024413589	0.0378474908463238	0.0491546201397287	0.119229991024459	0.0513914904658504	0.0362077722521455	0.0161165561397776	0.0799867241475012	0.0445155541640651	0.0854883615607955	0.0602581360626338	0.0838249996163459	0.0311216580244469	0.0172732129759183	3.34800954752316e-05	0.0783536154858912	0.0635531176298735	0.039592697892162	0.0157309045254616	0.0885028663993963	0.14372315559768	0.0864475526669862	0.0398365427446718	0.116431894715314	0.0107712896917386	0.0989466222201824	0.085179203541099	0.107114047693664	0.195342415964943	0.0118778419358833	0.0571922632306358	0.0595035611122356	0.0804498625259193	0.118848637957827	0.0550196913518348	0.0585629934244292	0.145230316454868	0.0297180000726492	0.131558413218974	0.0380326945328995	0.0660586893922557	0.0545940388205538	0.0953557698638046	0.0791435761285574	0.0181765663564622	0.116486845302972	0.106178659336218	0.11563433094749	0.201641793494855	0.0189798615563376	0.0861788583042835	0.000418804614150975	0.0471063777838567
