	BTG2	KLF6	ITGB2	PLK2	CDT1	UHRF1	MCM5	MCM7	MKI67	GMNN	POLA2	SLBP	TIPIN	NCAPD2	MCM4	TOP2A	PRIM1	TYROBP	GATA2	SPI1	LCP1	MPO	SERPINA3N	PLEK	FLT3	MPEG1	IKZF1	ITGAM	LAPTM5	CSF1R	CTSS	CD53	IRF8	RUNX1T1	CSF3R	IL7R	CD33	CD44	APP	MLLT3	CTR9	KIT	CRIP1	MYC	CBFB	GFI1B	H2AFY	CD34	FOXO1	HNF4A	DUSP1	OTUB2	LY86	ESR1	CDK6	ANXA5	NOTCH1	RUNX2	VDR	DTL	CD38	SELL	MEIS1	MAML3	IGF1	ADAM17	XRCC6	XPC	USP11	VEGFC	NDN	ELF1	HOXA9	PBX1	PGR	PGRMC1	NR3C2	H1F0	HMGB2	DACH1	EYA2
BTG2	1	0.095672974646988	0.0294883912309794	0.0884651736929383	0.0834057656228299	0.14303970797043	0.0889108448948774	0.120385853085769	0.091003151038658	0.231325972786496	0.125738922692386	0.104257207028537	0.202288694969669	0.091003151038658	0.0869565217391304	0.120385853085769	0.0557278212575353	0.0329690236697893	0.205986873205428	0.0975900072948533	0.0715198539852152	0	0	0.0401286176952564	0.0547585678193394	0	0.120385853085769	0.0621669872160209	0.0325644804512918	0.0899387500826576	0	0	0.137118234038212	0.167183463772606	0.0601929265428846	0	0	0.0814387934696855	0.111956569275048	0.133366267342316	0.127688479613812	0.0410910714179416	0.0695048046856916	0.0980769303311342	0.139875721236047	0.147441956154897	0.0589767824619589	0.0368604890387243	0.141876088459791	0.12119654139093	0.145190801728126	0	0.0737209780774486	0.103739798340817	0.141876088459791	0.0725954008640628	0.099313261921854	0.097619064912676	0.131351734373183	0.120385853085769	0.0374502943136569	0.0434782608695652	0.0774403092662366	0.0788110406239101	0.0524944227638563	0.0727179248345579	0.110473635333221	0.149801177254628	0.111455642515071	0.0333890281647089	0.187251471568285	0.0538381902058166	0.114208048144032	0.117953564923918	0.1191510937469	0.0869565217391304	0.0943041920192897	0.045501575519329	0.110473635333221	0.152277397525376	0.177821689789755
KLF6	0.095672974646988	1	0.0324442842261525	0.0973328526784575	0.137649440322337	0.157377895072927	0.195646395217807	0.176604314275339	0.250313087160879	0.127256952595156	0.27668578554643	0.286769667338202	0.166924465222397	0.200250469728704	0.143509461970482	0.231793162486383	0.0613139339484966	0.0362738125055006	0.302179779099527	0.0953462589245592	0.118033421304695	0.150187852296528	0	0.0441510785688348	0.0301237616564389	0	0.331133089266261	0.0341992784028385	0	0.074215604399294	0.0399361531915436	0	0.377157143202357	0.18394180184549	0.0662266178532522	0.132453235706504	0.132453235706504	0.0298673845544749	0.092384255369158	0.195646395217807	0.140487871737254	0.0904200157816849	0.152943822580374	0.237397785226333	0.256494588021288	0.4325904563487	0.12977713690461	0.0405553552826906	0.312195270527231	0.346697485590732	0.0798723063830872	0	0	0.228277187220526	0.124878108210893	0.0399361531915436	0.109268344684531	0.322212968124633	0.28903665650804	0.220755392844174	0	0.047836487323494	0.340811458273844	0.260132990857236	0.019252140716413	0.0800071120593997	0.212707993911967	0.288429975200615	0.245255735793986	0	0.247225693029099	0.533113989983183	0.418853908291695	0.356887126487678	0.294963086405008	0.095672974646988	0.345857231933037	0.200250469728704	0.243094850185106	0.376968517462526	0.195646395217807
ITGB2	0.0294883912309794	0.0324442842261525	1	0.04	0.0282842712474619	0.0485071250072666	0	0.0272165526975909	0	0.0392232270276368	0.0426401432711221	0	0.0342997170285018	0	0.0294883912309794	0.0408248290463863	0.0755928946018454	0.156524758424985	0.0620920420565066	0.106047460495963	0.169774937525433	0.0308606699924184	0	0.0544331053951817	0.129986736723936	0.0447213595499958	0.0408248290463863	0.590291829898097	0.0662589156449079	0.0762492851663023	0.0492365963917331	0.15	0.0464990554975277	0.0755928946018454	0.244948974278318	0.0816496580927726	0.204124145231932	0.202526415937631	0.123390539447825	0.0301511344577764	0.0288675134594813	0.0975426220008265	0.0471404520791032	0.0266076042095096	0.0316227766016838	0.1	0.02	0.2	0.0192450089729875	0.0493196961916072	0	0	0.05	0.0985036562622408	0.0192450089729875	0.0492365963917331	0.0577350269189626	0.0165521177720474	0.0534522483824849	0.0272165526975909	0.0762000762001143	0.235907129847835	0.0262612865719445	0	0.0237356331638771	0.164398987305357	0.0374634324632678	0.0762000762001143	0	0.0679366220486757	0.0254000254000381	0	0.0258198889747161	0.02	0.0606091526731326	0.0884651736929383	0.106600358177805	0	0.0187317162316339	0.0258198889747161	0.0603022689155527
PLK2	0.0884651736929383	0.0973328526784575	0.04	1	0.113137084989848	0.0970142500145332	0.150755672288882	0.108866210790363	0.154303349962092	0.0784464540552736	0.0852802865422442	0.106066017177982	0.102899151085505	0.123442679969674	0.117953564923918	0.122474487139159	0.0377964473009227	0	0.0620920420565066	0.11322770341446	0.0970142500145332	0.0308606699924184	0	0.0272165526975909	0.148556270541641	0	0.0612372435695795	0.0210818510677892	0	0.137248713299344	0	0	0.0697485832462916	0.0755928946018454	0	0.0272165526975909	0.0408248290463863	0.0552344770738994	0.0759326396601999	0.0603022689155527	0.0577350269189626	0.111477282286659	0.0471404520791032	0.0798228126285287	0.0632455532033676	0.0666666666666667	0.1	0.025	0.115470053837925	0.0821994936526786	0.0738548945875996	0	0	0.084431705367635	0.3079201435678	0.0738548945875996	0.0288675134594813	0.0827605888602368	0.0534522483824849	0.163299316185545	0.0762000762001143	0	0.052522573143889	0.10690449676497	0.0237356331638771	0.0328797974610715	0.112390297389803	0.101600101600152	0.113389341902768	0	0.127000127000191	0.0365148371670111	0.0516397779494322	0.06	0.101015254455221	0.0294883912309794	0.0852802865422442	0.0925820099772552	0.0749268649265355	0.0774596669241483	0.0603022689155527
CDT1	0.0834057656228299	0.137649440322337	0.0282842712474619	0.113137084989848	1	0.171498585142509	0.255840859626732	0.269430125621825	0.305505046330389	0.221880078490092	0.301511344577764	0.1	0.242535625036333	0.218217890235992	0.291920179679905	0.173205080756888	0.10690449676497	0.0316227766016838	0.10976425998969	0	0.0342997170285018	0.0436435780471985	0	0	0.0262612865719445	0	0.144337567297406	0.0596284793999944	0.0312347523777212	0.0431331092813754	0	0	0.131519189844286	0.160356745147455	0.0577350269189626	0.038490017945975	0.0577350269189626	0.0260377821961648	0.0536924844171219	0.255840859626732	0.122474487139159	0.0197065855632859	0	0.0940720868383597	0.178885438199983	0.188561808316413	0.14142135623731	0	0.108866210790363	0.116247638743819	0.0696310623822791	0	0.0707106781186548	0.0796029752167991	0.136082763487954	0.0348155311911396	0.0544331053951817	0.117041147196131	0.100790526135794	0.1539600717839	0	0.041702882811415	0.185695338177052	0.151185789203691	0.0167836271659338	0.0232495277487639	0.132453235706504	0.179605302026775	0.160356745147455	0.0320256307610174	0.14368424162142	0.103279555898864	0.146059348668044	0.113137084989848	0.0857142857142857	0.041702882811415	0.120604537831105	0.218217890235992	0.132453235706504	0.182574185835055	0.0852802865422442
UHRF1	0.14303970797043	0.157377895072927	0.0485071250072666	0.0970142500145332	0.171498585142509	1	0.146254484825426	0.198029508595335	0.149696237713024	0.142695448246348	0.206835075998008	0.128623938856882	0.249567099242311	0.149696237713024	0.178799634963038	0.148522131446501	0.183339699405642	0.081348921681996	0.131770907012125	0.0726193242131597	0.0588235294117647	0.074848118856512	0	0	0.0450377349111045	0	0.222783197169752	0.0511309992564914	0.026783579200279	0.0554795041091482	0	0.0606339062590832	0.14097096860865	0.275009549108463	0.0495073771488337	0.0330049180992225	0.0495073771488337	0.0223272140344553	0.0690613883274196	0.182818106031783	0.175035010503501	0.0506947731313997	0.114332390095006	0.145199068147637	0.191741247211843	0.282958229209055	0.169774937525433	0	0.140028008402801	0.15949044456578	0.0597081434026532	0	0.0606339062590832	0.153582723256672	0.163366009803268	0.0597081434026532	0.0816830049016339	0.120434346885555	0.216067907850721	0.165024590496112	0.0616041103633697	0.0715198539852152	0.127385951059696	0.129640744710433	0.0143918415625851	0.039872611141445	0.136293255127276	0.184812331090109	0.137504774554232	0.0274617518190545	0.154010275908424	0.0885614885540095	0.12524485821703	0.0970142500145332	0.19599838302001	0.0715198539852152	0.180980691498257	0.224544356569536	0.159008797648489	0.156556072771287	0.219381727238139
MCM5	0.0889108448948774	0.195646395217807	0	0.150755672288882	0.255840859626732	0.146254484825426	1	0.779579442869107	0.372193684159388	0.177393718796725	0.321412173266612	0.159900537266708	0.206835075998008	0.232621052599618	0.844653026501335	0.184637236468999	0.113960576459638	0	0.0936072754401818	0.118285458403163	0.0365636212063565	0.0465242105199235	0	0.0410304969931109	0.0559892510955854	0	0.153864363724166	0.0317820863081864	0	0.0689700734807554	0.0371134809512603	0	0.140199927446556	0.113960576459638	0	0.0410304969931109	0.0615457454896664	0	0.0286181903516071	0.181818181818182	0.0870388279778489	0.0630218723852352	0.0710669054518702	0.0601687089090165	0.143019388386839	0.150755672288882	0.120604537831105	0.0376889180722204	0.116051770637132	0.0991363194193219	0.148453923805041	0.0642824346533225	0	0.063642792525973	0.174077655955698	0.0371134809512603	0.0435194139889245	0.124766282126487	0.107443061870051	0.205152484965555	0.0382919790533742	0	0.118771137369734	0.161164592805076	0	0.049568159709661	0.254152122626207	0.229751874320245	0.284901441149095	0	0.153167916213497	0.110096376512636	0.116774841624228	0.120604537831105	0.0913717355809759	0	0.128564869306645	0.186096842079694	0.141195623681226	0.155699788832305	0.136363636363636
MCM7	0.120385853085769	0.176604314275339	0.0272165526975909	0.108866210790363	0.269430125621825	0.198029508595335	0.779579442869107	1	0.335968420452646	0.160128153805087	0.406181197229962	0.144337567297406	0.233380014004668	0.209980262782904	0.882829589295641	0.194444444444444	0.154303349962092	0.0304290309725092	0.084496566736597	0.161100558132207	0.0660098361984449	0.0419960525565808	0	0	0.101079739143854	0	0.166666666666667	0.0573775310549247	0.0300556544889144	0.103762134394115	0.0335012605086404	0	0.126554399433667	0.154303349962092	0.0555555555555556	0.0740740740740741	0.111111111111111	0.0501097352001886	0.0258328086097376	0.246182981958665	0.117851130197758	0.0758506831984766	0	0.126729270871833	0.172132593164774	0.181443684650606	0.108866210790363	0	0.130945700219731	0.111859342535671	0.100503781525921	0.0580258853185659	0.0680413817439772	0.0574484989621426	0.20951312035157	0.0335012605086404	0.0654728501098655	0.15767205495988	0.121232161242218	0.222222222222222	0.0345650564910142	0.0401286176952564	0.142948337978373	0.145478593490662	0.0323001055407673	0.0671156055214024	0.28039700806402	0.276520451928113	0.25717224993682	0.0616333551361366	0.172825282455071	0.0993807989999907	0.140545673785261	0.136082763487954	0.0824786098842323	0.0401286176952564	0.116051770637132	0.167984210226323	0.127453185483645	0.175682092231577	0.205152484965555
MKI67	0.091003151038658	0.250313087160879	0	0.154303349962092	0.305505046330389	0.149696237713024	0.372193684159388	0.335968420452646	1	0.181568259800641	0.197385508487931	0.218217890235992	0.211702449609985	0.285714285714286	0.318511028635303	0.28347335475692	0	0	0.0958101009530607	0.844653026501335	0.037424059428256	0.0476190476190476	0	0.0419960525565808	0.0859602382591879	0	0.157485197087178	0.0325300024316178	0	0.0941241610670023	0	0	0.143499200666835	0.116642368703961	0	0.0419960525565808	0.0629940788348712	0	0.0292916516775831	0.232621052599618	0.0890870806374748	0.107508238134383	0.0727392967453308	0.123169273919784	0.14638501094228	0.154303349962092	0.18516401995451	0.038575837490523	0.1187827741833	0.101469257886368	0.113960576459638	0	0	0.0651404749061921	0.17817416127495	0.0379868588198793	0.0742392338645623	0.204323777695519	0.109971479845643	0.209980262782904	0	0	0.121566134770966	0.164957219768465	0.0183124385532878	0.0253673144715921	0.231229325206432	0.235158540500886	0.233284737407922	0.0349428278907306	0.156772360333924	0.112687233963802	0.119522860933439	0.18516401995451	0.0935219529582825	0	0.131590338991954	0.238095238095238	0.202325659555628	0.199204768222399	0.0930484210398471
GMNN	0.231325972786496	0.127256952595156	0.0392232270276368	0.0784464540552736	0.221880078490092	0.142695448246348	0.177393718796725	0.160128153805087	0.181568259800641	1	0.167248402001418	0.138675049056307	0.269069117598525	0.181568259800641	0.173494479589872	0.120096115353815	0.0741249316661101	0.0438529009653515	0.0913293848321974	0.0536488098304502	0.0951302988308988	0	0	0.0533760512683624	0.0364178520364615	0	0.200160192256359	0.0826898230594723	0.043314808182421	0.029907430227729	0	0	0.136788225776266	0.370624658330551	0.0800640769025436	0	0	0.0361079072337059	0.0558435593287455	0.118262479197817	0.11322770341446	0.0546562343944197	0.0924500327042049	0.0782727075428324	0.124034734589208	0.130744090092123	0.0392232270276368	0.049029033784546	0.11322770341446	0.128965176043832	0.14484136487558	0	0.098058067569092	0.0827920986991322	0.188712839024099	0.0965609099170535	0.0754851356096397	0.194768241948359	0.174714139453653	0.106752102536725	0.0498135481386718	0.057831493196624	0.154507860787381	0.104828483672192	0.0232747032057864	0.0644825880219161	0.146943671674129	0.149440644416015	0.14824986333222	0.0888231183368655	0.149440644416015	0.0716114874039433	0.101273936708367	0.196116135138184	0.118864327762549	0.057831493196624	0.125436301501064	0.0605227532668802	0.183679589592661	0.202547873416733	0.177393718796725
POLA2	0.125738922692386	0.27668578554643	0.0426401432711221	0.0852802865422442	0.301511344577764	0.206835075998008	0.321412173266612	0.406181197229962	0.197385508487931	0.167248402001418	1	0.226133508433323	0.219381727238139	0.197385508487931	0.377216768077159	0.174077655955698	0.40291148201269	0.0476731294622796	0.132380678464299	0.164364285671766	0.103417537999004	0.0657951694959769	0	0	0.0395903791232448	0	0.217597069944622	0.0898933149950989	0.0470881609348011	0.0650256088762355	0	0	0.198272638838644	0.241746889207614	0.0870388279778489	0.116051770637132	0.174077655955698	0.078506867197886	0.0404722329258176	0.321412173266612	0.184637236468999	0.0297087955511153	0	0.11345520555948	0.269679944985297	0.284267621807481	0.127920429813366	0	0.164121987972444	0.175249909308195	0.0524863881081478	0	0.106600358177805	0.0900045003375281	0.164121987972444	0.0524863881081478	0.102576242482777	0.176446168310146	0.189934294099397	0.232103541274264	0	0.0628694613461932	0.223957004382342	0.227921152919276	0.0253022699684629	0.0700999637232782	0.159744612766174	0.270765180536941	0.241746889207614	0.0482804549585268	0.270765180536941	0.155699788832305	0.220192753025272	0.170560573084488	0.129219147676184	0.0628694613461932	0.181818181818182	0.197385508487931	0.159744612766174	0.27524094128159	0.192847303959967
SLBP	0.104257207028537	0.286769667338202	0	0.106066017177982	0.1	0.128623938856882	0.159900537266708	0.144337567297406	0.218217890235992	0.138675049056307	0.226133508433323	1	0.121267812518166	0.218217890235992	0.104257207028537	0.180421959121758	0	0.0395284707521047	0.0823231949922678	0.200250469728704	0.0857492925712544	0.0545544725589981	0	0.0481125224324688	0	0	0.180421959121758	0.0372677996249965	0	0.0269581933008596	0	0.0883883476483184	0.123299240479018	0.200445931434318	0	0.0962250448649376	0.144337567297406	0.032547227745206	0.0503367041410518	0.159900537266708	0.102062072615966	0.0246332319541073	0.0833333333333333	0.0705540651287698	0.111803398874989	0.117851130197758	0.106066017177982	0.0441941738241592	0.102062072615966	0.116247638743819	0.0870388279778489	0	0	0.0746277892657492	0.136082763487954	0.0870388279778489	0.0850517271799715	0.117041147196131	0.125988157669742	0.240562612162344	0.0449013255066937	0	0.0928476690885259	0.188982236504614	0	0.0581238193719096	0.132453235706504	0.224506627533469	0.267261241912424	0	0.179605302026775	0.0645497224367903	0.0912870929175277	0.106066017177982	0.107142857142857	0	0.150755672288882	0.109108945117996	0.132453235706504	0.182574185835055	0.159900537266708
TIPIN	0.202288694969669	0.166924465222397	0.0342997170285018	0.102899151085505	0.242535625036333	0.249567099242311	0.206835075998008	0.233380014004668	0.211702449609985	0.269069117598525	0.219381727238139	0.121267812518166	1	0.211702449609985	0.202288694969669	0.175035010503501	0.0648203723552164	0.0383482494423685	0.106486973613	0.228277187220526	0.0831890330807703	0	0	0.0466760028009337	0.0318464877649241	0	0.175035010503501	0.0723101526062187	0.0378777009539285	0.0523065780965941	0	0	0.15949044456578	0.129640744710433	0.0700140042014005	0.0466760028009337	0	0.0315754488975336	0.0488337760044759	0.155126306998506	0.0990147542976674	0.0716932357038527	0.0808452083454443	0.136894994278883	0.162697843363992	0.171498585142509	0.102899151085505	0.0428746462856272	0.165024590496112	0.14097096860865	0.126660099276225	0	0.0857492925712544	0.120665983430988	0.198029508595335	0.0844400661841498	0.0660098361984449	0.170319886741098	0.122226466270428	0.186704011203735	0.0435606841869032	0.0505721737424174	0.180150939644418	0.0916698497028211	0.0407062750506653	0.0845825811651901	0.160623141550809	0.261364105121419	0.129640744710433	0.0776735637380617	0.174242736747613	0.12524485821703	0.132842232831014	0.137198868114007	0.173239732168809	0.0505721737424174	0.146254484825426	0.158776837207489	0.160623141550809	0.177122977108019	0.206835075998008
NCAPD2	0.091003151038658	0.200250469728704	0	0.123442679969674	0.218217890235992	0.149696237713024	0.232621052599618	0.209980262782904	0.285714285714286	0.181568259800641	0.197385508487931	0.218217890235992	0.211702449609985	1	0.182006302077316	0.188982236504614	0	0	0.0718575757147955	0.0473779369679134	0.074848118856512	0.0476190476190476	0	0.0419960525565808	0	0	0.157485197087178	0.0325300024316178	0	0.0235310402667506	0	0	0.107624400500126	0.116642368703961	0	0.0839921051131616	0.125988157669742	0.0284095494863568	0.0439374775163747	0.232621052599618	0.0890870806374748	0.0215016476268765	0.0727392967453308	0.0410564246399279	0.0975900072948533	0.102868899974728	0.154303349962092	0.038575837490523	0.0890870806374748	0.101469257886368	0.113960576459638	0	0	0.0434269832707947	0.17817416127495	0.0379868588198793	0.0593913870916499	0.102161888847759	0.109971479845643	0.209980262782904	0	0	0.0810440898473108	0.164957219768465	0	0.0507346289431841	0.115614662603216	0.195965450417405	0.291605921759902	0	0.156772360333924	0.0563436169819011	0.0796819072889596	0.0925820099772552	0.062347968638855	0	0.0986927542439654	0.19047619047619	0.14451832825402	0.159363814577919	0.139572631559771
MCM4	0.0869565217391304	0.143509461970482	0.0294883912309794	0.117953564923918	0.291920179679905	0.178799634963038	0.844653026501335	0.882829589295641	0.318511028635303	0.173494479589872	0.377216768077159	0.104257207028537	0.202288694969669	0.182006302077316	1	0.180578779628654	0.167183463772606	0.0329690236697893	0.0915497214246348	0.153864363724166	0.0357599269926076	0.045501575519329	0	0	0.082137851729009	0	0.150482316357212	0.0621669872160209	0.0325644804512918	0.0899387500826576	0.0362977004320314	0	0.137118234038212	0.167183463772606	0.0601929265428846	0.0401286176952564	0.0601929265428846	0.0271462644898952	0.027989142318762	0.222277112237194	0.127688479613812	0.0616366071269124	0	0.0784615442649073	0.186500961648063	0.196589274873196	0.117953564923918	0	0.113500870767833	0.0969572331127439	0.108893101296094	0.0628694613461932	0.0737209780774486	0.0622438790044902	0.17025130615175	0.0362977004320314	0.0425628265379374	0.122023831140845	0.105081387498547	0.160514470781026	0.0374502943136569	0.0434782608695652	0.154880618532473	0.15762208124782	0.0174981409212854	0.048478616556372	0.276184088333054	0.224701765881942	0.222911285030141	0.0333890281647089	0.149801177254628	0.107676380411633	0.152277397525376	0.117953564923918	0.0893633203101749	0.0434782608695652	0.125738922692386	0.182006302077316	0.138092044166527	0.152277397525376	0.133366267342316
TOP2A	0.120385853085769	0.231793162486383	0.0408248290463863	0.122474487139159	0.173205080756888	0.148522131446501	0.184637236468999	0.194444444444444	0.28347335475692	0.120096115353815	0.174077655955698	0.180421959121758	0.175035010503501	0.188982236504614	0.180578779628654	1	0.115727512471569	0.0684653196881458	0.158431062631119	0.106848439402716	0.0742610657232506	0.0629940788348712	0	0.0833333333333333	0.0758098043578903	0	0.1875	0.0430331482911935	0.0450834817333716	0.0778216007955863	0	0	0.166102649256687	0.154303349962092	0.0416666666666667	0.0277777777777778	0.0416666666666667	0.0375823014001414	0.0968730322865161	0.153864363724166	0.117851130197758	0.0995540216980005	0.0962250448649376	0.122203225483553	0.225924028528766	0.170103454359943	0.163299316185545	0.0255155181539914	0.176776695296637	0.201346816564207	0.0753778361444409	0.0435194139889245	0.0510310363079829	0.129259122664821	0.157134840263677	0.0753778361444409	0.0785674201318386	0.152040910139884	0.145478593490662	0.166666666666667	0	0.0601929265428846	0.187619693596614	0.163663417676994	0.0242250791555755	0.0671156055214024	0.229415733870562	0.181466546577824	0.115727512471569	0.0231125081760512	0.181466546577824	0.149071198499986	0.131761569173682	0.142886901662352	0.144337567297406	0.0902893898143269	0.174077655955698	0.125988157669742	0.191179778225468	0.131761569173682	0.184637236468999
PRIM1	0.0557278212575353	0.0613139339484966	0.0755928946018454	0.0377964473009227	0.10690449676497	0.183339699405642	0.113960576459638	0.154303349962092	0	0.0741249316661101	0.40291148201269	0	0.0648203723552164	0	0.167183463772606	0.115727512471569	1	0.0845154254728517	0.0880071973273286	0.097619064912676	0.0916698497028211	0.0583211843519804	0	0	0.0701862406343596	0	0.077151674981046	0.0398409536444798	0.0417391935564841	0.0576390417704235	0	0	0.0439374775163747	0.142857142857143	0.077151674981046	0	0	0.0347944500319611	0.0358748001667088	0.056980288229819	0.0545544725589981	0.0790020979724585	0.17817416127495	0.0251418227577135	0.0597614304667197	0.125988157669742	0	0	0.0363696483726654	0.09320546490018	0	0	0.0944911182523068	0.0797804625613713	0.0727392967453308	0.0465242105199235	0.0363696483726654	0.0312805623544927	0.101015254455221	0.051434449987364	0.0480015360737319	0.111455642515071	0.0496291666985465	0	0.0224280652008128	0.06213697660012	0.0353996162702394	0.0480015360737319	0	0.0427960492510913	0.0480015360737319	0	0.0487950036474267	0.0377964473009227	0.114540532248182	0.111455642515071	0.120873444603807	0	0.0353996162702394	0.0487950036474267	0.170940864689457
TYROBP	0.0329690236697893	0.0362738125055006	0.156524758424985	0	0.0316227766016838	0.081348921681996	0	0.0304290309725092	0	0.0438529009653515	0.0476731294622796	0.0395284707521047	0.0383482494423685	0	0.0329690236697893	0.0684653196881458	0.0845154254728517	1	0.0520657600875467	0.0217134916353974	0.108465228909328	0.0345032779671177	0	0.121716123890037	0.08304547985374	0.1	0.11410886614691	0.188561808316413	0.098772959664959	0.153448726380857	0.055048188256318	0.223606797749979	0.0519875244910036	0.126773138209277	0.136930639376292	0.0912870929175277	0.136930639376292	0.102923371199077	0.159178634991753	0.0674199862463242	0.0322748612183951	0.124635390569951	0.052704627669473	0.0297482058654365	0.0353553390593274	0.111803398874989	0	0.0838525491562421	0.0215165741455968	0.091901827761726	0	0	0.111803398874989	0.0786645969409441	0.0430331482911935	0.055048188256318	0.086066296582387	0.0370116605098803	0.0597614304667197	0.0304290309725092	0.113592366849413	0.164845118348947	0.0293610109757352	0	0.0398058669325706	0.091901827761726	0.0418853908291695	0.0567961834247065	0	0.0506369683541833	0.0283980917123532	0	0.0288675134594813	0.0223606797749979	0.112938487863156	0.131876094679157	0.0953462589245592	0	0.0628280862437543	0.0288675134594813	0.0674199862463242
GATA2	0.205986873205428	0.302179779099527	0.0620920420565066	0.0620920420565066	0.10976425998969	0.131770907012125	0.0936072754401818	0.084496566736597	0.0958101009530607	0.0913293848321974	0.132380678464299	0.0823231949922678	0.106486973613	0.0718575757147955	0.0915497214246348	0.158431062631119	0.0880071973273286	0.0520657600875467	1	0.0262612865719445	0.0564732458623392	0.0479050504765304	0	0.0211241416841493	0.0288255068694668	0	0.237646593946679	0.0490880693673816	0.0171422974035089	0.0355085536599346	0	0	0.270676997769406	0.176014394654657	0.0316862125262239	0.0422482833682985	0.0316862125262239	0.0285801789453476	0.0957696320596173	0.140410913160273	0.156838750231877	0.0648923634383276	0.10976425998969	0.185863553954972	0.245440346836908	0.310460210282533	0.0776150525706333	0.0776150525706333	0.209118333642503	0.267956556887548	0.0382150101734342	0	0.0388075262853166	0.240282945860364	0.119496190652859	0.0382150101734342	0.134433214484466	0.218397893475571	0.207434953411256	0.0633724250524478	0.0197142430671938	0.0457748607123174	0.32612338205663	0.124460972046753	0.0460560603952896	0.0510393441690567	0.101770419803951	0.118285458403163	0.0880071973273286	0.0703053932237228	0.197142430671938	0.311751110695825	0.300601806021076	0.263891178740153	0.235209128549336	0.0457748607123174	0.231666187312523	0.0718575757147955	0.174463576806774	0.240481444816861	0.0936072754401818
SPI1	0.0698430295769578	0.0325644804512918	0.0282842712474619	0.17025130615175	0.189316422860252	0	0.0814387934696855	0	0.0858545710548214	0.0476190476190476	0.0570990591522943	0.282609247546289	0.142857142857143	0.0990147542976674	0.0962250448649376	0.0492067831305123	0.10166571355507	0.15949044456578	0.051434449987364	1	0	0.0985036562622408	0.0915497214246348	0.153582723256672	0.165024590496112	0.29277002188456	0.27524094128159	0.181568259800641	0.198029508595335	0.0510310363079829	0.154303349962092	0.0589767824619589	0.268055482123755	0.169774937525433	0.125436301501064	0.029907430227729	0	0	0.0725954008640628	0.109108945117996	0.277777777777778	0.0349428278907306	0.106119089994502	0.226133508433323	0.215410109213832	0.129640744710433	0.0632455532033676	0.0496903994999953	0.0316227766016838	0.186029743883145	0	0.261364105121419	0.0479463301485384	0.101770419803951	0	0.308606699924184	0.203251144288266	0.141876088459791	0.32612338205663	0	0.11322770341446	0	0.182574185835055	0.155643201591173	0.187619693596614	0.029012942659283	0	0.0870388279778489	0.100167084494127	0.0796819072889596	0.0753778361444409	0.0410910714179416	0.0824786098842323	0.111803398874989	0.372193684159388	0.0444554224474387	0.0304290309725092	0.0557278212575353	0.0351364184463153	0.055048188256318	0.152277397525376
LCP1	0.0715198539852152	0.118033421304695	0.169774937525433	0.0970142500145332	0.0342997170285018	0.0588235294117647	0.0365636212063565	0.0660098361984449	0.037424059428256	0.0951302988308988	0.103417537999004	0.0857492925712544	0.0831890330807703	0.074848118856512	0.0357599269926076	0.0742610657232506	0.0916698497028211	0.108465228909328	0.0564732458623392	0	1	0.037424059428256	0	0.0660098361984449	0.0675566023666567	0.054232614454664	0.0990147542976674	0.102261998512983	0.107134316801116	0.0554795041091482	0.0298540717013266	0.18190171877725	0.0563883874434601	0.0916698497028211	0.148522131446501	0.0990147542976674	0.148522131446501	0.133963284206732	0.0920818511032262	0.0731272424127131	0.0350070021007002	0.0844912885523329	0.114332390095006	0.0322664595883638	0.0383482494423685	0.121267812518166	0	0.121267812518166	0.0466760028009337	0.07974522228289	0.0298540717013266	0	0.0606339062590832	0.102388482171114	0.140028008402801	0.119416286805306	0.0816830049016339	0.0602171734427775	0.108033953925361	0.13201967239689	0.0616041103633697	0.178799634963038	0.0318464877649241	0	0.0287836831251702	0.179426750136502	0.0454310850424255	0.123208220726739	0.0916698497028211	0.054923503638109	0.123208220726739	0	0.0313112145542575	0.0485071250072666	0.097999191510005	0.107279780977823	0.103417537999004	0.037424059428256	0.0681466275636382	0.0939336436627724	0.146254484825426
MPO	0	0.150187852296528	0.0308606699924184	0.0308606699924184	0.0436435780471985	0.074848118856512	0.0465242105199235	0.0419960525565808	0.0476190476190476	0	0.0657951694959769	0.0545544725589981	0	0.0476190476190476	0.045501575519329	0.0629940788348712	0.0583211843519804	0.0345032779671177	0.0479050504765304	0.0660098361984449	0.037424059428256	1	0.0690065559342354	0	0	0.0690065559342354	0.0629940788348712	0.0650600048632355	0.0340799088295499	0.0470620805335012	0.113960576459638	0	0.0717496003334175	0.116642368703961	0	0.0419960525565808	0.0629940788348712	0	0.102520780871541	0.0465242105199235	0.0445435403187374	0.0430032952537531	0.0727392967453308	0.0205282123199639	0.0487950036474267	0.102868899974728	0.0308606699924184	0.038575837490523	0.0296956935458249	0.0507346289431841	0	0	0	0.0217134916353974	0.0296956935458249	0.0379868588198793	0.0296956935458249	0.0255404722119399	0.0549857399228215	0.0419960525565808	0	0.091003151038658	0.0405220449236554	0.0824786098842323	0.0183124385532878	0.0253673144715921	0.028903665650804	0.117579270250443	0.0583211843519804	0.0349428278907306	0.039193090083481	0	0.0398409536444798	0.0308606699924184	0.0311739843194275	0.182006302077316	0.0657951694959769	0.0476190476190476	0.057807331301608	0.0398409536444798	0.0465242105199235
SERPINA3N	0	0	0	0	0	0	0	0	0	0	0	0	0	0	0	0	0	0	0	0.220192753025272	0	0.0690065559342354	1	0	0	0	0	0.0471404520791032	0	0	0.110096376512636	0	0.0519875244910036	0	0	0	0	0.0411693484796309	0.106119089994502	0	0	0.0311588476424878	0	0	0	0	0	0.0559016994374947	0	0	0	0	0.111803398874989	0	0	0.055048188256318	0.0215165741455968	0	0	0	0	0.131876094679157	0	0	0.0530744892434275	0.0367607311046904	0	0	0	0.101273936708367	0	0	0	0	0	0.0659380473395787	0	0	0.0837707816583391	0	0
PLEK	0.0401286176952564	0.0441510785688348	0.0544331053951817	0.0272165526975909	0	0	0.0410304969931109	0	0.0419960525565808	0.0533760512683624	0	0.0481125224324688	0.0466760028009337	0.0419960525565808	0	0.0833333333333333	0	0.121716123890037	0.0211241416841493	0.0969857289937744	0.0660098361984449	0	0	1	0.0252699347859634	0	0.0277777777777778	0.0573775310549247	0.0300556544889144	0.062257280636469	0	0.0680413817439772	0.0316385998584166	0	0.0555555555555556	0.037037037037037	0.0555555555555556	0.0250548676000943	0.0387492129146064	0	0	0.0948133539980957	0.0641500299099584	0	0	0.0453609211626514	0	0.0680413817439772	0.0261891400439462	0.0447437370142683	0.0670025210172808	0	0	0.0382989993080951	0.0261891400439462	0.0335012605086404	0.0261891400439462	0.0225245792799829	0.0242464322484436	0.037037037037037	0.0345650564910142	0.0401286176952564	0	0	0	0.0671156055214024	0.0254906370967291	0.0691301129820284	0.051434449987364	0	0.0345650564910142	0	0	0.0272165526975909	0.0549857399228215	0.0401286176952564	0.029012942659283	0	0.0254906370967291	0.0351364184463153	0.0410304969931109
FLT3	0.0547585678193394	0.0301237616564389	0.129986736723936	0.148556270541641	0.0262612865719445	0.0450377349111045	0.0559892510955854	0.101079739143854	0.0859602382591879	0.0364178520364615	0.0395903791232448	0	0.0318464877649241	0	0.082137851729009	0.0758098043578903	0.0701862406343596	0.08304547985374	0.0288255068694668	0	0.0675566023666567	0	0	0.0252699347859634	1	0.04152273992687	0.151619608715781	0.0978700365857839	0.123039717479259	0.353978419867874	0.0457150320882494	0.139271503632789	0.0863465783552691	0.0350931203171798	0.227429413073671	0.176889543501744	0.151619608715781	0.119662490491488	0.0969398182525922	0.0279946255477927	0.0268028133709449	0.323450181769997	0	0.0617613507720754	0.0880830329272055	0.0928476690885259	0	0.116059586360657	0.0357370844945932	0.0457921883154498	0.0457150320882494	0	0.046423834544263	0.0653273920046175	0.160816880225669	0.0457150320882494	0.0893427112364829	0.0768412776806681	0.0661722222647287	0.0252699347859634	0.0943333261273157	0.136896419548348	0.0731489773641256	0	0.044075964272126	0.106848439402716	0.0869598095067456	0.0707499945954867	0	0.105129283382795	0.0707499945954867	0	0.0479463301485384	0.0742781352708207	0.0375161236742064	0.082137851729009	0.098975947808112	0	0.0347839238026982	0.0479463301485384	0.0559892510955854
MPEG1	0	0	0.0447213595499958	0	0	0	0	0	0	0	0	0	0	0	0	0	0	0.1	0	0.0680413817439772	0.054232614454664	0.0690065559342354	0	0	0.04152273992687	1	0	0.0471404520791032	0.098772959664959	0.102299150920571	0.165144564768954	0.111803398874989	0.103975048982007	0	0.0912870929175277	0.121716123890037	0.0912870929175277	0.0411693484796309	0.106119089994502	0	0	0.0311588476424878	0	0	0	0	0	0.0559016994374947	0	0	0	0	0.223606797749979	0.0314658387763776	0	0	0.0430331482911935	0	0	0.0608580619450184	0.0567961834247065	0.0659380473395787	0	0	0	0.0735214622093808	0.0837707816583391	0	0	0.0506369683541833	0	0	0	0	0	0.0659380473395787	0.0476731294622796	0	0.167541563316678	0	0
IKZF1	0.120385853085769	0.331133089266261	0.0408248290463863	0.0612372435695795	0.144337567297406	0.222783197169752	0.153864363724166	0.166666666666667	0.157485197087178	0.200160192256359	0.217597069944622	0.180421959121758	0.175035010503501	0.157485197087178	0.150482316357212	0.1875	0.077151674981046	0.11410886614691	0.237646593946679	0	0.0990147542976674	0.0629940788348712	0	0.0277777777777778	0.151619608715781	0	1	0.0645497224367903	0.0450834817333716	0.0778216007955863	0	0.0510310363079829	0.355934248407187	0.270030862433661	0.0416666666666667	0.166666666666667	0.0833333333333333	0.0751646028002829	0.116247638743819	0.215410109213832	0.176776695296637	0.127998027897429	0.0962250448649376	0.203672042472588	0.322748612183951	0.340206908719886	0.163299316185545	0.0510310363079829	0.255344115428476	0.302020224846311	0.0753778361444409	0	0.0510310363079829	0.22979399584857	0.176776695296637	0.0753778361444409	0.157134840263677	0.337868689199743	0.309142011167656	0.111111111111111	0.0777713771047819	0.0601929265428846	0.321633760451339	0.163663417676994	0.0484501583111509	0.083894506901753	0.229415733870562	0.181466546577824	0.154303349962092	0.0462250163521024	0.259237923682606	0.335410196624968	0.289875452182101	0.347011046894284	0.268055482123755	0.0601929265428846	0.261116483933547	0.0944911182523068	0.267651689515655	0.421637021355784	0.215410109213832
ITGAM	0.0621669872160209	0.0341992784028385	0.590291829898097	0.0210818510677892	0.0596284793999944	0.0511309992564914	0.0317820863081864	0.0573775310549247	0.0325300024316178	0.0826898230594723	0.0898933149950989	0.0372677996249965	0.0723101526062187	0.0325300024316178	0.0621669872160209	0.0430331482911935	0.0398409536444798	0.188561808316413	0.0490880693673816	0.120385853085769	0.102261998512983	0.0650600048632355	0.0471404520791032	0.0573775310549247	0.0978700365857839	0.0471404520791032	0.0645497224367903	1	0.0698430295769578	0.0964485644340824	0.0778498944161523	0.158113883008419	0.0735214622093808	0.0796819072889596	0.258198889747161	0.086066296582387	0.215165741455968	0.155259335930555	0.140070052543788	0.0635641726163728	0.0608580619450185	0.0881305298478463	0	0.0280468774607781	0.0666666666666667	0.105409255338946	0.0210818510677892	0.184466196843155	0.040572041296679	0.0346583496606691	0.0259499648053841	0	0.052704627669473	0.0593325545986646	0.040572041296679	0.0778498944161523	0.0608580619450185	0.0348949281726809	0.0375624113212674	0.0573775310549247	0.0803219328902499	0.217584455256073	0.0553636532358266	0.0563436169819011	0.0375293312520401	0.121304223812342	0.0394899251839395	0.0803219328902499	0.0398409536444798	0.0716114874039433	0.0535479552601666	0.038490017945975	0.0544331053951817	0.0421637021355784	0.063887656499994	0.0621669872160209	0.0674199862463242	0.0325300024316178	0.0592348877759092	0.0544331053951817	0.0635641726163728
LAPTM5	0.0325644804512918	0	0.0662589156449079	0	0.0312347523777212	0.026783579200279	0	0.0300556544889144	0	0.043314808182421	0.0470881609348011	0	0.0378777009539285	0	0.0325644804512918	0.0450834817333716	0.0417391935564841	0.098772959664959	0.0171422974035089	0.0617613507720754	0.107134316801116	0.0340799088295499	0	0.0300556544889144	0.123039717479259	0.098772959664959	0.0450834817333716	0.0698430295769578	1	0.0505219495381856	0.0815590871740555	0.110431526074847	0.0513496165963097	0.0417391935564841	0.135250445200115	0.0601113089778288	0.0901669634667432	0.0813283679362245	0.1152986625528	0.0332963579106013	0.0318788356531669	0.061553032027961	0	0.0734579584512913	0.0698430295769578	0.073621017383231	0.0220863052149693	0.138039407593558	0.0425051142042226	0.0181548310532899	0	0	0.0552157630374233	0.0932392207284975	0.0212525571021113	0.0271863623913518	0.0531313927552782	0.0365575125067556	0.039352089073397	0.0300556544889144	0.0560992713453214	0.0976934413538754	0.0290007395282871	0	0.0262116219263968	0.0726193242131597	0.0413714401892061	0.0560992713453214	0	0.0750234484920533	0.0560992713453214	0.0403238919272756	0.0570265948512201	0.0220863052149693	0.066931612237974	0.0651289609025836	0.0706322414022017	0	0.0620571602838091	0.0285132974256101	0.0332963579106013
CSF1R	0.0899387500826576	0.074215604399294	0.0762492851663023	0.137248713299344	0.0431331092813754	0.0554795041091482	0.0689700734807554	0.103762134394115	0.0941241610670023	0.029907430227729	0.0650256088762355	0.0269581933008596	0.0523065780965941	0.0235310402667506	0.0899387500826576	0.0778216007955863	0.0576390417704235	0.153448726380857	0.0355085536599346	0.153619074528514	0.0554795041091482	0.0470620805335012	0	0.062257280636469	0.353978419867874	0.102299150920571	0.0778216007955863	0.0964485644340824	0.0505219495381856	1	0.0563138291833708	0.114373927749453	0.0531827961389206	0.0576390417704235	0.124514561272938	0.145266988151761	0.155643201591173	0.12634768180258	0.137507975503416	0.0459800489871703	0.0440225453162812	0.318752365748994	0	0.050720270024075	0.0482242822170412	0.10166571355507	0.0152498570332605	0.0762492851663023	0.0440225453162812	0.0626765263204875	0.0563138291833708	0	0.152498570332605	0.0536488098304502	0.161415999493031	0.0375425527889139	0.110056363290703	0.0883461003674942	0.0950995670262426	0.041504853757646	0.11620402679753	0.0899387500826576	0.100120216432909	0.0407569572969611	0.0995403783943363	0.125353052640975	0.0856967983560063	0.0774693511983531	0.0288195208852117	0.120869440249245	0.0387346755991766	0	0.0590624423218618	0.0609994281330419	0.0770234094310274	0.112423437603322	0.0650256088762355	0.0235310402667506	0.0856967983560063	0.0590624423218618	0.0459800489871703
CTSS	0	0.0399361531915436	0.0492365963917331	0	0	0	0.0371134809512603	0.0335012605086404	0	0	0	0	0	0	0.0362977004320314	0	0	0.055048188256318	0	0.181848241863327	0.0298540717013266	0.113960576459638	0.110096376512636	0	0.0457150320882494	0.165144564768954	0	0.0778498944161523	0.0815590871740555	0.0563138291833708	1	0.123091490979333	0.0286181903516071	0	0.0502518907629606	0.0335012605086404	0.100503781525921	0.0679889413649005	0.0817832910104912	0	0	0.051457143326208	0	0.032751696735365	0	0	0	0.123091490979333	0	0	0.0303030303030303	0.209945552432591	0.123091490979333	0.0173213741660499	0	0.0303030303030303	0.0473779369679134	0	0	0.0335012605086404	0.0937958099221084	0.108893101296094	0	0	0.0292165447548012	0.141652815240362	0.0230571487955358	0.0312652699740361	0.232621052599618	0.0836242010007091	0	0	0	0	0	0.108893101296094	0.0262431940540739	0	0.0461142975910716	0	0.0371134809512603
CD53	0	0	0.15	0	0	0.0606339062590832	0	0	0	0	0	0.0883883476483184	0	0	0	0	0	0.223606797749979	0	0	0.18190171877725	0	0	0.0680413817439772	0.139271503632789	0.111803398874989	0.0510310363079829	0.158113883008419	0.110431526074847	0.114373927749453	0.123091490979333	1	0	0.0944911182523068	0.204124145231931	0.136082763487954	0.306186217847897	0.138086192684749	0.118644749469062	0	0	0.139346602858324	0	0	0	0.0833333333333333	0	0.1875	0	0	0	0	0	0.105539631709544	0	0.0615457454896664	0.0962250448649376	0	0	0.0680413817439772	0.254000254000381	0.221162934232346	0	0	0	0.164398987305357	0	0.0635000635000953	0	0.0566138517072298	0	0	0	0	0.101015254455221	0.0737209780774486	0.106600358177805	0	0	0	0
