	BTG2	KLF6	ITGB2	CDT1	UHRF1	MCM5	MCM7	MKI67	GMNN	POLA2	SLBP	TIPIN	NCAPD2	MCM4	TOP2A	PRIM1	TYROBP	GATA2	SPI1	MPO	PLEK	FLT3	IKZF1	ITGAM	CTSS	CD53	IRF8	RUNX1T1	CSF3R	IL7R	CD33	CD44	APP	MLLT3	CTR9	CRIP1	MYC	CBFB	GFI1B	CD34	FOXO1	HNF4A	DUSP1	OTUB2	ESR1	CDK6	ANXA5	NOTCH1	RUNX2	VDR	DTL	SELL	MEIS1	MAML3	ADAM17	XRCC6	XPC	USP11	VEGFC	NDN	ELF1	HOXA9	PBX1	PGR	PGRMC1	NR3C2	H1F0	HMGB2	DACH1	EYA2
BTG2	1	0.105854920987283	0.14593368786993	0.00325071294365309	0.0460173926748055	0.049559459163859	0.0481323029430634	0.0955477081793909	0.0359406947954701	0.0221705090223311	0.0614258669361853	0.0165653195332132	0.0970782225423717	0.0715001308175262	0.0398898730731748	0.0290933304194713	0.238999121395945	0.200050582832029	0.117541473773283	0.215849956312563	0.203193406857492	0.304142769132457	0.153298789579174	0.0915882922941467	0.158027317728633	0.295929513707874	0.170147210423511	0.12543887465886	0.0538142711684974	0.11008769664334	0.0863078780199836	0.0887600826415807	0.0807346583267947	0.188228061512514	0.104338534662705	0.172281574324262	0.0242867305564376	0.0866671047299378	0.0474506621426349	0.210326613918935	0.038265412340265	0.0617733220821499	0.0856137086749797	0.0405077353320838	0.129899824417222	0.174753225743842	0.0675849360791829	0.157457152614215	0.0545251374667583	0.03124986108455	0.0544286228645823	0.194986147668144	0.0400852470785118	0.134417855376442	0.0714953742835732	0.152672483429658	0.143616719089436	0.0883846685529041	0.0203112512611955	0.133151511927138	0.146556339873745	0.109527210235808	0.139711557934137	0.131479077820021	0.0646261944665292	0.00371690100836503	0.0332036530010349	0.0908161416749264	0.0779384856196025	0.151036472334496
KLF6	0.105854920987283	1	0.00551275929144401	0.122955807448371	0.127342755032419	0.126486638307187	0.136215979904314	0.00920593251514989	0.130648669542746	0.0815024073807773	0.0661278632908947	0.122388431689597	0.0163387933181368	0.0935201080992321	0.0489381056692764	0.114064715488751	0.0759475437468168	0.171675603379076	0.0398737744318487	0.0426109282480292	0.060042409590215	0.138032057224068	0.101567120872955	0.00531723474979428	0.0230668882152161	0.0958118608161008	0.0486940262586338	0.101747429817994	0.125284801343457	0.0625144810204835	0.0695030698107118	0.115485418102928	0.101171401028447	0.145770555119682	0.138792318395724	0.122900960001059	0.148769060514396	0.0964948874982309	0.0148115534592559	0.112879187245594	0.0549306054044139	0.0423942471854725	0.292865067484744	0.0759868165414849	0.0175546709052062	0.166967449264034	0.143254756312222	0.0599802159950767	0.0728654419178163	0.13295559500398	0.000579356137067038	0.0123113798561013	0.126919605949372	0.0517733280160089	0.0103183642989556	0.113506443600382	0.0661160535373328	0.0490871929316559	0.062496809877203	0.113079460412796	0.0819777123495253	0.0507864122596732	0.0755555771256267	0.0354950239908085	0.026488533285088	0.047159870058137	0.166263814922988	0.102526569447213	0.0240460463319264	0.0825668716861265
ITGB2	0.14593368786993	0.00551275929144401	1	0.0883366257227997	0.0505405238232013	0.0977859166614474	0.0961878268049638	0.060133939218911	0.0883615603734874	0.046266050821377	0.0379663357348742	0.0614037561937621	0.0575608721960992	0.0623443949970494	0.0923852979905191	0.0493946090007156	0.14168688713732	0.115110645946367	0.0328427715050516	0.0751023405698427	0.087773968805932	0.106593552553691	0.0868951026027675	0.0283416112614421	0.0879360998854329	0.150307071445972	0.128643753151258	0.0210188029474017	0.0513965688061118	0.127221141722155	0.171465586285299	0.0277849056876921	0.0351867787266303	0.0559858663830801	0.0823683500017875	0.0858590575809947	0.074882882568367	0.060216924178544	0.019913243784567	0.0699031383851916	0.00739772212855632	0.00179131653960414	0.024272751298821	0.00482179944862081	0.00318494881752317	0.00564512885172159	0.0512021292650312	0.132493905500549	0.0289695349323128	0.106187004699665	0.069418686776478	0.0985557125840324	0.0615961219547939	0.0171579413376765	0.0544244451483561	0.0972441763432172	0.0159349529435434	0.0623741526950647	0.012445151484219	0.0654898695304829	0.019606067013185	0.00421882004544435	0.0873264961495749	0.0175101371272263	0.0531345958579386	0.00314226209467032	0.0161414441071772	0.046223029621211	0.0505342469042617	0.026203596932235
CDT1	0.00325071294365309	0.122955807448371	0.0883366257227997	1	0.589505438047971	0.544942807621385	0.473041062160179	0.280588765273066	0.5289003141185	0.32387374444459	0.429784718640125	0.489689862589551	0.328141984788797	0.5044699602701	0.420189077051728	0.448319076322374	0.169844765287548	0.112884335853994	0.0551010238964159	0.288737625704273	0.0990917734351747	0.194181032437963	0.148545267303249	0.0445310095594517	0.00967483123816566	0.14743964827966	0.165293160917556	0.0585654889355133	0.157339090506761	0.061116444192217	0.0871000495926001	0.119213484360597	0.0930057197703957	0.176960682873424	0.115764685251946	0.251933657814033	0.224257987029014	0.224776009553688	0.0563941437104717	0.202917816295192	0.104954933793478	0.0960541596276156	0.0945814014460822	0.00638753959277124	0.0912787681735148	0.22470686870601	0.170295853500039	0.143269632176664	0.0565705783133912	0.0689834942513212	0.462070681848394	0.121743378356739	0.0490379241333324	0.101277684501016	0.0961817462699333	0.192678576861954	0.0553559180585788	0.118725570586718	0.0594364751560855	0.0486951208432624	0.111871120242358	0.046491376666288	0.0670097074168414	0.0668000922225471	0.069310908095319	0.0412540940124468	0.0798766334729591	0.327148754582878	0.0127577462871893	0.116231878089661
UHRF1	0.0460173926748055	0.127342755032419	0.0505405238232013	0.589505438047971	1	0.55815730816881	0.441918347086736	0.394009216500026	0.567073147929194	0.363280872303599	0.400070154571265	0.539488335071479	0.401754732872751	0.487634382108181	0.539613664102646	0.472601132340503	0.191474367617861	0.130813769277956	0.065562943607354	0.283712975387755	0.06651920187636	0.212941653341308	0.188692142620053	0.0111675973586399	0.0237798323560612	0.163076711182373	0.218277573401977	0.0816659819120556	0.104741825831895	0.115824725742292	0.068921973190843	0.157699786555475	0.0768839256530007	0.182511222602038	0.174102975828457	0.311000107170461	0.190714548968067	0.235606750749114	0.00962564651243082	0.182519492257361	0.0117232870345133	0.108322215348507	0.0885289383851948	0.0363795414645024	0.0548275294806894	0.258799477583895	0.17558662964711	0.136051603836473	0.032220639321389	0.082176112686497	0.481191091356139	0.164329219149779	0.186530261628758	0.0955271288559081	0.106624134778062	0.225272264151166	0.0766738191009434	0.109967102763192	0.0643507184464563	0.0448815165870651	0.09782740694516	0.0445114839847825	0.05908947165228	0.0107098134421568	0.088761232732032	0.0275746571858166	0.0964792774995776	0.440129374785233	0.00709026478891809	0.0962413361206928
MCM5	0.049559459163859	0.126486638307187	0.0977859166614474	0.544942807621385	0.55815730816881	1	0.494874650963461	0.293738961423267	0.496364298288785	0.33797084792838	0.42677361268914	0.499834138675897	0.353398008632382	0.493071148094338	0.433146674433573	0.506358165243776	0.108205363255933	0.189787457847157	0.0857061006143153	0.253387305053641	0.120199542183828	0.205244110746404	0.128379829821178	0.0789855231217054	0.000915689673897278	0.152039220360784	0.184053510997111	0.0645615729879949	0.146155808612596	0.10987422818922	0.0851594561872732	0.12693175536395	0.100419905689635	0.198887361159109	0.164851632330591	0.292685827545574	0.271153192139336	0.237056310232879	0.0291586375550556	0.203415158744547	0.0666318634744643	0.0813514260888054	0.124652458618987	0.0242947239919528	0.0349282090409469	0.23489152135409	0.135418692073215	0.0920927714757034	0.0450217951456753	0.0413629156081531	0.411113377238992	0.155681853931167	0.0977909256148167	0.0963137373069452	0.092351374363251	0.24226186891345	0.072395960024761	0.114501641552611	0.0654489947879208	0.0590610585801476	0.121567683774065	0.0101342598557717	0.0988591053567628	0.000838019595168045	0.0476718145760587	0.0576971478226477	0.133908789523906	0.337859224737849	0.00924260235089711	0.0251297930412584
MCM7	0.0481323029430634	0.136215979904314	0.0961878268049638	0.473041062160179	0.441918347086736	0.494874650963461	1	0.255257519276523	0.430952233281364	0.293372369386241	0.370110213623071	0.434148698072812	0.310964107405169	0.411778693647326	0.351553483305206	0.400505860887467	0.180163759941854	0.142720777105052	0.0642338025994496	0.232785459729935	0.128543911520674	0.287887060374485	0.143467118163494	0.057567806354462	0.0513884877974969	0.187547915129436	0.154104800523472	0.129299435713956	0.180470740620823	0.101507818175242	0.134863100618753	0.142827533460066	0.122584053834357	0.235507671528273	0.203699668585241	0.337216182903624	0.197273338970001	0.135256208821022	0.0370216781821698	0.265372027239886	0.100010968490185	0.068987842190098	0.119347384819745	0.0398408295940031	0.0880100391696734	0.243476839913153	0.171939653298454	0.127723033535071	0.106082869352015	0.104120864971268	0.373115489944103	0.078866825534114	0.02699387355474	0.0868917798408295	0.0717768228586078	0.252829888962478	0.0997330305311177	0.0507693467111216	0.108944407370228	0.0677606487584759	0.116555958588061	0.0490400532984556	0.100825175741115	0.0462451458202074	0.0808582995960397	0.0749639482829134	0.0985425732599915	0.344871049658447	0.00108021671661751	0.0725575802236103
MKI67	0.0955477081793909	0.00920593251514989	0.060133939218911	0.280588765273066	0.394009216500026	0.293738961423267	0.255257519276523	1	0.400658881289654	0.244955327424166	0.230751843526814	0.283413087310999	0.492408362256319	0.210192525605106	0.601465614273681	0.305349550651761	0.0909019793506132	0.0921168570458594	0.00236571491668348	0.272148499162171	0.016475268445297	0.171810675325386	0.157708901485258	0.0259550204945491	0.0359105352674617	0.181828885384097	0.170429191155178	0.0589992436152989	0.0186561330022658	0.137456267361794	0.0545739409314017	0.148224382078926	0.0668860676803909	0.1707864689276	0.149242773912358	0.250442526544167	0.0377348200707656	0.198668844662892	0.0465408678407684	0.156447083151323	0.041643930968863	0.0543224065750286	0.0920555331313126	0.00867694712740831	0.07219949349479	0.243471717663785	0.138172899878639	0.136754603850604	0.0659356227676703	0.0819875712943341	0.275646984458624	0.214991652970129	0.146040208061254	0.108795612676952	0.0991943833553868	0.112141176708724	0.0277097067679107	0.0826714451422371	0.0419928387748069	0.105122627375126	0.14377137740036	0.0258719051844419	0.0668819220346462	0.0248283369044013	0.0032474730756436	0.0339359667792642	0.0314789801352753	0.49197263680237	0.00946648933940189	0.055038593096332
GMNN	0.0359406947954701	0.130648669542746	0.0883615603734874	0.5289003141185	0.567073147929194	0.496364298288785	0.430952233281364	0.400658881289654	1	0.386856750965871	0.38265688343195	0.508203062449053	0.354791152581759	0.429763177835917	0.488906502789015	0.490007057683395	0.208444185924746	0.084230871452869	0.074399572154917	0.27550834991976	0.0353064179435382	0.177724639396939	0.149345731502637	0.00319945131633725	0.029208327752906	0.128454138503473	0.128427430381123	0.0550247246197871	0.144053864356698	0.100959539286048	0.051642533876249	0.15656940386944	0.0557691354478801	0.163616528663601	0.194858485337096	0.29802291616173	0.209342821829211	0.184203919893023	0.0765415037154119	0.215079670161508	0.0767468204599128	0.0975913873287498	0.124684016491131	0.000200802997157723	0.0531550161510741	0.250707794926601	0.180293144790777	0.0806932812901993	0.0746080236454375	0.0848130754781167	0.436790133021001	0.151562789342954	0.0910399235001689	0.0417979320356369	0.0896390482050459	0.245365006060611	0.032341272186492	0.0991435503488276	0.0457638077372788	0.0416265594229876	0.109547458580944	0.0437124133254879	0.0926589106832441	0.00235660974942948	0.117244873661029	0.0649265028994331	0.10805586026221	0.411777567176378	0.00606452381967896	0.0416698906963023
POLA2	0.0221705090223311	0.0815024073807773	0.046266050821377	0.32387374444459	0.363280872303599	0.33797084792838	0.293372369386241	0.244955327424166	0.386856750965871	1	0.234849064806496	0.323690195106061	0.287797720083462	0.302623674423867	0.302590921035256	0.30221800816071	0.124356982700604	0.13162469475294	0.0671673121259131	0.146891404624763	0.069056755693322	0.166286113049575	0.1583922595392	0.0732922271031494	0.0539705293201048	0.107761289299588	0.0776557370341741	0.0569572113816633	0.165044079831329	0.105904704634934	0.0224713235805165	0.146006995157273	0.0590862309097116	0.187797301301938	0.115593360622296	0.237675094913054	0.143558441650543	0.140349132044228	0.0189531128051517	0.172316767634558	0.105222261802212	0.10059559053938	0.116658083314415	0.00963297646055327	0.0229380769386531	0.210126191480999	0.088684521259744	0.0499518556498144	0.110116879165392	0.104165561702478	0.315467002443658	0.105322116830316	0.100387511283309	0.0756915734745621	0.0872794540366838	0.165992693150071	0.0724363964871894	0.123748519727272	0.0334966990468901	0.0862331983118985	0.094148857381751	0.0395878974871039	0.0647534341594984	0.0337609827557899	0.0374810331980483	0.0375687801851746	0.0480958135275268	0.283222026009609	0.0093684700846409	0.0714760696843383
SLBP	0.0614258669361853	0.0661278632908947	0.0379663357348742	0.429784718640125	0.400070154571265	0.42677361268914	0.370110213623071	0.230751843526814	0.38265688343195	0.234849064806496	1	0.388672032206896	0.290768808608007	0.367126523891021	0.338627530682375	0.337671475045536	0.1186109409075	0.111531782546669	0.0724638860498281	0.19025121991061	0.101630791470164	0.135268877760196	0.0909600951351492	0.00954178166496678	0.00617311701895515	0.127902885438166	0.120950554147214	0.0980254386587198	0.128793769773487	0.0919286637229208	0.026506257211368	0.0971884257601522	0.0431817625967979	0.161545370103533	0.1349545758777	0.243110598725067	0.204318846435844	0.248289814411131	0.00931120218781025	0.201594281197611	0.0363991097030945	0.0478120500779771	0.0520082329539626	0.0186961097275839	0.050975553175145	0.248650501968503	0.145017203106202	0.0690808652183223	0.0466838916562612	0.0621163842646411	0.407933912513893	0.090721419003834	0.0209105836417253	0.120662701170219	0.0890309188690374	0.227014274109998	0.051790385532824	0.0647719668867074	0.0434157702932156	0.0784344128157247	0.120926201698351	0.084281076342816	0.130424070340272	0.0315248719379915	0.0644086977977062	0.0562731529379538	0.0889923103474497	0.270264156389164	0.0390087879070055	0.0833209511614994
TIPIN	0.0165653195332132	0.122388431689597	0.0614037561937621	0.489689862589551	0.539488335071479	0.499834138675897	0.434148698072812	0.283413087310999	0.508203062449053	0.323690195106061	0.388672032206896	1	0.319840761628786	0.456431836164954	0.411452653697179	0.432202746688171	0.161848774592096	0.124795856682837	0.0912027537611285	0.251132091146761	0.0587282643465852	0.194963716018589	0.126659177986685	0.0392397409537673	0.0383148879254636	0.127932900401748	0.108374068865278	0.111672852916708	0.173026848180024	0.0728513149649242	0.0869821131698485	0.12975341761678	0.0186131640670475	0.213257439646511	0.148905656586643	0.290733908611118	0.234392349280422	0.207042101287549	0.0261216198533135	0.200998614641403	0.0254091862248971	0.0843545357624391	0.0893386220489971	0.0284240664591738	0.0578781528233549	0.256278455652095	0.116851150995102	0.0885943451787221	0.0357194630342692	0.0983949086505601	0.391831263433247	0.132952726195612	0.105725836648559	0.126330026512069	0.0755156990358681	0.189140800822396	0.103984860984656	0.0807590987588588	0.0384196373419336	0.0740989188412873	0.0947651596232746	0.0359721595659379	0.111345857706063	0.057986388166505	0.0628430922883624	0.0931751000657274	0.0972539972836448	0.355855872522907	0.00290684733222538	0.0667564329565264
NCAPD2	0.0970782225423717	0.0163387933181368	0.0575608721960992	0.328141984788797	0.401754732872751	0.353398008632382	0.310964107405169	0.492408362256319	0.354791152581759	0.287797720083462	0.290768808608007	0.319840761628786	1	0.280959759020368	0.482097291615701	0.302712319281688	0.114267751627351	0.0652421094969908	0.0193116122787421	0.237090864060752	0.0173470860764017	0.179598401535894	0.16515178160806	0.0281667859962221	0.0171286479535028	0.187518132079224	0.141556862032907	0.0642338764386996	0.0763909359717233	0.111700423232665	0.00955638507474358	0.13968191605022	0.128225013360142	0.142717868468516	0.111541951257837	0.231805669135247	0.11149755084922	0.158419394931954	0.00927536436787503	0.174156078057209	0.034683590203488	0.06489688408448	0.0739655306492345	0.0360667215950726	0.0514924181488679	0.243422361821392	0.118190927963562	0.16018711349968	0.058938027422249	0.0961063145669668	0.28804768578568	0.159842598738131	0.0863416681856782	0.074712477768819	0.0659675939248024	0.141710742051967	0.0624366644707394	0.0931452110242079	0.0626356405794235	0.0401794879754805	0.141887081142757	0.0520155865827827	0.0719697345695948	0.00534169850373867	0.0602039922760678	0.0490041159528229	0.0132985142961902	0.404563638679603	0.0560137065748259	0.0585909201444723
MCM4	0.0715001308175262	0.0935201080992321	0.0623443949970494	0.5044699602701	0.487634382108181	0.493071148094338	0.411778693647326	0.210192525605106	0.429763177835917	0.302623674423867	0.367126523891021	0.456431836164954	0.280959759020368	1	0.330160559501119	0.438712860130768	0.15337387508899	0.129446234547313	0.101998091689325	0.22846721270303	0.10388739031982	0.188075198211347	0.163604012576171	0.0243414170337674	0.0133503102735061	0.152731785582109	0.14127976323365	0.0483307769767137	0.105757674448779	0.0943149201437428	0.120992930017097	0.0960470188275193	0.0784965134825171	0.155039664741846	0.114414516348485	0.241035853808042	0.19080154179192	0.236455929488823	0.0222134200300525	0.196246076167569	0.0329487175387306	0.0519639982800413	0.0256963661232307	0.0119319091298978	0.0665629944521036	0.182890599506222	0.119400981724859	0.100295187693184	0.0366824068691771	0.0567966549462082	0.41840700050914	0.104686309801832	0.0552844061584886	0.0681589817166402	0.0793959513162162	0.235529028832155	0.0817465961345918	0.130389800864472	0.0406727912132784	0.0164457927470961	0.061627151606577	0.0627808219862296	0.127886120094027	0.00138899661940223	0.102706893050296	0.0156281565681276	0.08187803539806	0.317394478868919	0.0235618726458994	0.103746821475368
TOP2A	0.0398898730731748	0.0489381056692764	0.0923852979905191	0.420189077051728	0.539613664102646	0.433146674433573	0.351553483305206	0.601465614273681	0.488906502789015	0.302590921035256	0.338627530682375	0.411452653697179	0.482097291615701	0.330160559501119	1	0.384634301993256	0.122297082909175	0.106404698942522	0.0219071607795684	0.260080542460107	0.00250294232847766	0.166739103316456	0.16557713195474	0.020092170406412	0.00859920636251842	0.128438695506422	0.181715947046128	0.0410643234664066	0.123601132026994	0.126158187710841	0.0902813419309452	0.148083775172512	0.0442366894969626	0.16533451214652	0.163879096473268	0.307081202960486	0.149436257679421	0.210969100019783	0.0400006555700889	0.150589927991233	0.044489108455008	0.0649233784559094	0.119612828273995	0.0261799040851268	0.0698127969578369	0.27556573191411	0.16685489398385	0.0970417352858517	0.0232030277279015	0.0845290499367919	0.416258404276455	0.218496138470017	0.176896154937523	0.113129284221413	0.108099360007027	0.173831432192759	0.0448892678362034	0.100246309362711	0.0135615676812942	0.0592293296061166	0.112821127737995	0.0149817207534588	0.0951792610533441	0.0231100387890549	0.0991694290178791	0.020214888586663	0.0436820387729703	0.489155231628714	0.00483475417460513	0.0868756754414483
PRIM1	0.0290933304194713	0.114064715488751	0.0493946090007156	0.448319076322374	0.472601132340503	0.506358165243776	0.400505860887467	0.305349550651761	0.490007057683395	0.30221800816071	0.337671475045536	0.432202746688171	0.302712319281688	0.438712860130768	0.384634301993256	1	0.128472766810934	0.113661261595738	0.0864387950766742	0.230969360923555	0.0669552549501339	0.156725093444559	0.157403726312992	0.0423084569916485	0.0368383008068468	0.10638136669331	0.161478519277421	0.0522669822140511	0.125450566552304	0.0669404281274199	0.0849891714703921	0.143848411635946	0.0450775650164632	0.151844869227156	0.119867497356934	0.247018551374679	0.250455463818612	0.228785755340148	0.0154647168064761	0.196644784867286	0.0254025675886198	0.0726945632278176	0.111515469693153	0.0254767863201099	0.0541245682429013	0.242290672671123	0.0633021340713248	0.0974343230585488	0.0719556248939189	0.0324992941325612	0.36644971692703	0.175089481050898	0.0446843512537095	0.0755223231180659	0.106654713358491	0.22504968496724	0.0869202362670651	0.0866708479312606	0.0440787538769578	0.040422069510094	0.0685976048555222	0.0782043713770153	0.0887176535703605	0.0283743500009552	0.0798455372565785	0.0658961082471983	0.111134236285535	0.324982262061174	0.0208171965799274	0.0337145802263147
TYROBP	0.238999121395945	0.0759475437468168	0.14168688713732	0.169844765287548	0.191474367617861	0.108205363255933	0.180163759941854	0.0909019793506132	0.208444185924746	0.124356982700604	0.1186109409075	0.161848774592096	0.114267751627351	0.15337387508899	0.122297082909175	0.128472766810934	1	0.21807976548827	0.136200113051128	0.358615178881328	0.314506501192799	0.345270506465039	0.182577414732625	0.0963936648213863	0.190843249108538	0.362904385832745	0.309645796499178	0.147541973436123	0.21834916232941	0.154723133691542	0.181660406466754	0.169801952202495	0.143329418038195	0.247580809957584	0.180428428827962	0.290677060592867	0.160640336661408	0.106452743082985	0.0669646067041752	0.323804093531704	0.141928534048009	0.0840353307420955	0.101233042535476	0.0883113511683938	0.147588474194325	0.319322496080953	0.191235890658103	0.190463427387052	0.11786538902607	0.113479025231828	0.155244922990881	0.336754567581585	0.144700176577974	0.136384580886538	0.0881040007329171	0.162121179014573	0.15047077323897	0.134499680728779	0.0659856486240173	0.254073426777128	0.207531338948308	0.0933425983121684	0.121856708781029	0.119169215980752	0.0630255812427797	0.141370171811753	0.0960496078873017	0.100369629956061	0.0894446618221996	0.157847492852958
GATA2	0.200050582832029	0.171675603379076	0.115110645946367	0.112884335853994	0.130813769277956	0.189787457847157	0.142720777105052	0.0921168570458594	0.084230871452869	0.13162469475294	0.111531782546669	0.124795856682837	0.0652421094969908	0.129446234547313	0.106404698942522	0.113661261595738	0.21807976548827	1	0.0948604975572039	0.140696575717337	0.207770803650911	0.442901110904335	0.244706054030324	0.113428964727949	0.173474123454023	0.384607845713587	0.233167608735332	0.22097070376585	0.160129249530172	0.204205452139929	0.224323855733068	0.137911462915841	0.183217137421775	0.330782998322626	0.14922844837221	0.33327428242359	0.0745317219780545	0.0877339012450345	0.259604007301966	0.306832598539593	0.0925347128147684	0.106022560880061	0.170533299711714	0.165173407457574	0.148568264877829	0.199694112359709	0.189791638737329	0.225441058679683	0.148786464171148	0.165830876355792	0.106724406958686	0.113035774331304	0.176748819010887	0.146617602248062	0.0614786379534999	0.139162351335071	0.161289345591248	0.159498217993302	0.135169071329245	0.263414695997457	0.169371655265484	0.102811221913125	0.214535156976676	0.138826464558417	0.105312338297458	0.0567568372994362	0.14833667541521	0.144157802206734	0.151806013079086	0.116132410843481
SPI1	0.117541473773283	0.0398737744318487	0.0328427715050516	0.0551010238964159	0.065562943607354	0.0857061006143153	0.0642338025994496	0.00236571491668348	0.074399572154917	0.0671673121259131	0.0724638860498281	0.0912027537611285	0.0193116122787421	0.101998091689325	0.0219071607795684	0.0864387950766742	0.136200113051128	0.0948604975572039	1	0.122747624525625	0.188803956129352	0.273405176496861	0.124016138233175	0.0695546679292091	0.139786431244079	0.191056224673081	0.0944589821043453	0.0669305893910757	0.188518524991044	0.0380039271438195	0.119940076486286	0.131022572203078	0.0718589102180022	0.189657619243717	0.0719695546331768	0.15627632818465	0.108347399114647	0.0471063777838567	0.0169657033405676	0.299329331441987	0.117463910401937	0.113614604736493	0.0494404044827056	0.0891921621449265	0.0555977590201585	0.134809135933156	0.0339399941363211	0.0845911817979121	0.141747022094381	0.0375962375373952	0.039592697892162	0.116437570737981	0.0179938381010559	0.076683758999808	0.071814764202225	0.130476908438629	0.145638644481042	0.0829520786573608	0.0599926457889761	0.0513914904658504	0.119862513778257	0.119229991024459	0.0958050090832159	0.0693443278814102	0.0715238088891182	0.0758705925319906	0.106178659336218	0.0788745238649859	0.0770186188453811	0.0368998570527777
MPO	0.215849956312563	0.0426109282480292	0.0751023405698427	0.288737625704273	0.283712975387755	0.253387305053641	0.232785459729935	0.272148499162171	0.27550834991976	0.146891404624763	0.19025121991061	0.251132091146761	0.237090864060752	0.22846721270303	0.260080542460107	0.230969360923555	0.358615178881328	0.140696575717337	0.122747624525625	1	0.275473027279594	0.30432867575944	0.182857606363232	0.0544182398643204	0.0107473495151176	0.312960602819859	0.271641125608801	0.102441641967612	0.235085866291184	0.0729999868065818	0.0974857270885019	0.205057422739694	0.13299361027192	0.302016335834542	0.180372484593157	0.252520448096644	0.247229263219197	0.160508729306484	0.0358780755965501	0.334821588460907	0.102559240487518	0.139140242373139	0.0822068528978159	0.0480160949797134	0.107467018945129	0.472496456744468	0.170643408079052	0.106656241889771	0.0604033127208852	0.0842343631007631	0.233634691022951	0.41951033024562	0.102296442686754	0.148257594563137	0.148023783549825	0.206674844340922	0.175056044355001	0.146076246317949	0.103018599886876	0.215852442398775	0.228236957648472	0.0360699012401372	0.0878094470466957	0.051419215009132	0.0512548127160029	0.116272363527804	0.0828265845983609	0.241424428726135	0.0262678962831205	0.137668416028781
PLEK	0.203193406857492	0.060042409590215	0.087773968805932	0.0990917734351747	0.06651920187636	0.120199542183828	0.128543911520674	0.016475268445297	0.0353064179435382	0.069056755693322	0.101630791470164	0.0587282643465852	0.0173470860764017	0.10388739031982	0.00250294232847766	0.0669552549501339	0.314506501192799	0.207770803650911	0.188803956129352	0.275473027279594	1	0.372316134258796	0.156661656313661	0.153296946020211	0.181526900964664	0.3080663845746	0.160029978312	0.175706803695928	0.271193028660354	0.00055651987110312	0.166422916623384	0.188972227956503	0.128127852657996	0.273558641079047	0.0776722408245967	0.207383641516689	0.16043118806862	0.0735635999540289	0.0827838291322119	0.330444780837893	0.0894317041879957	0.144828788977021	0.0399734537027389	0.127157122254444	0.0552197964527959	0.261610929056295	0.144244234762208	0.117395957661145	0.124552971068933	0.101864711849215	0.0626807430193332	0.228699136308129	0.0558666373735424	0.150877021966841	0.11891516012763	0.120103703116881	0.170136941918164	0.18133653366782	0.103202806214106	0.180991028075162	0.137020919937951	0.11125013161827	0.0970923348439415	0.113209545116202	0.0764419907474314	0.0217070428792858	0.119291780979783	0.058428926284476	0.0818187225888905	0.124624587299036
FLT3	0.304142769132457	0.138032057224068	0.106593552553691	0.194181032437963	0.212941653341308	0.205244110746404	0.287887060374485	0.171810675325386	0.177724639396939	0.166286113049575	0.135268877760196	0.194963716018589	0.179598401535894	0.188075198211347	0.166739103316456	0.156725093444559	0.345270506465039	0.442901110904335	0.273405176496861	0.30432867575944	0.372316134258796	1	0.353786714941127	0.149372733562125	0.328947617983744	0.577255732457244	0.261292276791297	0.231621521389208	0.386905691066033	0.143980837892994	0.319091773502236	0.253859774559026	0.262145645197813	0.466558106656448	0.255251347249593	0.460333748842997	0.243629046779569	0.161228974440588	0.152175187998435	0.639281715516201	0.158706613812083	0.200724084203486	0.143370153164463	0.185164986356115	0.189703195941366	0.36012248809164	0.281373224842375	0.343074276065856	0.289197014760528	0.175679690705926	0.161709950002074	0.259563983128837	0.119791923378909	0.274845508368992	0.142237420252678	0.271682196857866	0.309313493287218	0.210030489007224	0.167623962352272	0.335539164892753	0.294486274961683	0.246220455330451	0.255984059915471	0.225237762665793	0.0530961057408831	0.186243864589211	0.167847057846148	0.261119381868903	0.211625760083708	0.161653205790963
IKZF1	0.153298789579174	0.101567120872955	0.0868951026027675	0.148545267303249	0.188692142620053	0.128379829821178	0.143467118163494	0.157708901485258	0.149345731502637	0.1583922595392	0.0909600951351492	0.126659177986685	0.16515178160806	0.163604012576171	0.16557713195474	0.157403726312992	0.182577414732625	0.244706054030324	0.124016138233175	0.182857606363232	0.156661656313661	0.353786714941127	1	0.0915946355050372	0.171217832949448	0.334262898466697	0.147343640425724	0.104294573436276	0.164459433768178	0.157626417295659	0.223340431948816	0.10679303752176	0.133713731555565	0.240363958536781	0.140728811353192	0.231794449108058	0.0953647387190902	0.120222230020932	0.114701510612959	0.291356613051921	0.0347112979688132	0.0972301940874997	0.11371521364442	0.120730145374224	0.100667580895746	0.207033662768556	0.208186717013782	0.218044594468263	0.134849968582794	0.0535667873476295	0.149831417686704	0.165471962207211	0.0984149452399479	0.134386561947207	0.0604272381124481	0.137424812621583	0.0750160169405887	0.115513041911783	0.136466913582638	0.120506257368406	0.138260052670637	0.135031341199368	0.129506483265934	0.104674068022888	0.0198576979046814	0.00436797970643505	0.0418000479782114	0.180929414781832	0.0722234174436754	0.114040264585063
ITGAM	0.0915882922941467	0.00531723474979428	0.0283416112614421	0.0445310095594517	0.0111675973586399	0.0789855231217054	0.057567806354462	0.0259550204945491	0.00319945131633725	0.0732922271031494	0.00954178166496678	0.0392397409537673	0.0281667859962221	0.0243414170337674	0.020092170406412	0.0423084569916485	0.0963936648213863	0.113428964727949	0.0695546679292091	0.0544182398643204	0.153296946020211	0.149372733562125	0.0915946355050372	1	0.0528118115820171	0.134724282568564	0.075296044104339	0.0536139272677441	0.104892485392051	0.0153752468755584	0.147131403636565	0.0768830048288987	0.0874126960341546	0.121666647875252	0.0222601011023056	0.130401141581991	0.106504284556745	0.0765310272567234	0.0378179869322541	0.160616978947342	0.0818497744410166	0.00256841993671193	0.0528976626645649	0.0614888359672045	0.0208302867869637	0.11083772569807	0.0495994057694976	0.00274369540647488	0.115570475110215	0.0329679089092253	0.00751030829497104	0.118978642144995	0.0281445759829054	0.0721833819780923	0.0240945245007777	0.021694949413888	0.0779354579917956	0.0763281664558219	0.0454997453733505	0.105843697255158	0.0465413457827048	0.0782902922866621	0.0229943474519255	0.100812421065432	0.0718787922070032	0.00574610218504855	0.0434543600006491	0.0448868702130888	0.0486696564851637	0.0612432218292576
CTSS	0.158027317728633	0.0230668882152161	0.0879360998854329	0.00967483123816566	0.0237798323560612	0.000915689673897278	0.0513884877974969	0.0359105352674617	0.029208327752906	0.0539705293201048	0.00617311701895515	0.0383148879254636	0.0171286479535028	0.0133503102735061	0.00859920636251842	0.0368383008068468	0.190843249108538	0.173474123454023	0.139786431244079	0.0107473495151176	0.181526900964664	0.328947617983744	0.171217832949448	0.0528118115820171	1	0.364881411284019	0.139099718886328	0.0881726870107984	0.126083083118137	0.157094331816213	0.165780719118057	0.0869355442774936	0.0573129426766814	0.168763244918861	0.113325393327861	0.211294383952458	0.00362515879475434	0.0525567923673838	0.108658267305796	0.192881210816958	0.0520409095939205	0.0314794849901895	0.0680504932838639	0.094503341899287	0.10582625895096	0.0509197547661574	0.105899381985455	0.150654348795814	0.161389435961396	0.0884446087286187	0.0185794998799909	0.071358374166716	0.121621649966968	0.164916650150048	0.0905212558163151	0.0937895930997938	0.11724301231383	0.0616367611318989	0.0337295721771053	0.0796855854512827	0.0622942740179352	0.172762585737219	0.150916797560293	0.0722858758710917	0.024122419585472	0.0447807572412012	0.117649975298591	0.0305749202752148	0.107943549979341	0.127039749841488
CD53	0.295929513707874	0.0958118608161008	0.150307071445972	0.14743964827966	0.163076711182373	0.152039220360784	0.187547915129436	0.181828885384097	0.128454138503473	0.107761289299588	0.127902885438166	0.127932900401748	0.187518132079224	0.152731785582109	0.128438695506422	0.10638136669331	0.362904385832745	0.384607845713587	0.191056224673081	0.312960602819859	0.3080663845746	0.577255732457244	0.334262898466697	0.134724282568564	0.364881411284019	1	0.274227297405118	0.235856638784815	0.238489562537529	0.237488920955818	0.26381984929556	0.192773772921714	0.239634565633344	0.391370792914011	0.239926732891421	0.404813205462584	0.16361396670328	0.136319709123284	0.184355354196022	0.46049259155968	0.113615999584853	0.109020720029	0.143976803287208	0.155991658340139	0.195615949858056	0.304461896003428	0.280157110452359	0.282866583852157	0.19407746432143	0.1212014750099	0.102118263211017	0.309504322126944	0.170698348236851	0.207157752288951	0.136419467147979	0.194195180349152	0.208332180349289	0.17154377057917	0.135691269318177	0.324496360640363	0.21448358841659	0.204394029359943	0.259266347118975	0.153365731179209	0.0912375516378682	0.105076748842904	0.118780293429582	0.228848290046961	0.221886664328097	0.204984460157728
IRF8	0.170147210423511	0.0486940262586338	0.128643753151258	0.165293160917556	0.218277573401977	0.184053510997111	0.154104800523472	0.170429191155178	0.128427430381123	0.0776557370341741	0.120950554147214	0.108374068865278	0.141556862032907	0.14127976323365	0.181715947046128	0.161478519277421	0.309645796499178	0.233167608735332	0.0944589821043453	0.271641125608801	0.160029978312	0.261292276791297	0.147343640425724	0.075296044104339	0.139099718886328	0.274227297405118	1	0.00830861033263452	0.0507164760502642	0.286810504451322	0.207115081235151	0.159694977774416	0.0992706996427122	0.190360913828577	0.198847336841533	0.207008200842547	0.075864363780997	0.070070216199289	0.066973730286864	0.0975400423801304	0.0141104225532258	0.00228652467141644	0.0799574249697501	0.0349614366113348	0.0751155782744239	0.198678759053851	0.168177029644165	0.188446913553871	0.0329582287540164	0.0258304076047001	0.140334949662382	0.261199743551959	0.193435852606579	0.149962727798936	0.0410993352387707	0.159365817663242	0.113075480562174	0.1085997070191	0.068953823063063	0.126941241275884	0.0999085566404194	0.0492280976091537	0.0963884785343544	0.0746891646378536	0.0472954685024778	0.0708874838903081	0.0589006136470102	0.130972921747246	0.0960487452089537	0.110125519534956
RUNX1T1	0.12543887465886	0.101747429817994	0.0210188029474017	0.0585654889355133	0.0816659819120556	0.0645615729879949	0.129299435713956	0.0589992436152989	0.0550247246197871	0.0569572113816633	0.0980254386587198	0.111672852916708	0.0642338764386996	0.0483307769767137	0.0410643234664066	0.0522669822140511	0.147541973436123	0.22097070376585	0.0669305893910757	0.102441641967612	0.175706803695928	0.231621521389208	0.104294573436276	0.0536139272677441	0.0881726870107984	0.235856638784815	0.00830861033263452	1	0.156791502051508	0.0238539100276641	0.0711128665141394	0.12263753505644	0.101236871066913	0.266065662041159	0.0850130907547319	0.240456394138082	0.145546458058569	0.0630580066504546	0.0830107423686239	0.307149186968951	0.057753426257219	0.085054957662383	0.0568171440904993	0.181134722203605	0.0407144892314587	0.223267747649774	0.117297977337885	0.0970417848082334	0.0501501260064104	0.053239760612818	0.103412320220283	0.0969602796550659	0.0940149443951643	0.101056386901653	0.0308862806258426	0.124432456104867	0.12421059039218	0.0427403229965944	0.0547921903701761	0.205861756857607	0.0387056376417658	0.102036386459607	0.141470929682587	0.074747884598812	0.134936244909635	0.0688556158512957	0.0536885120199342	0.107000673511862	0.113403267334915	0.189117432080599
CSF3R	0.0538142711684974	0.125284801343457	0.0513965688061118	0.157339090506761	0.104741825831895	0.146155808612596	0.180470740620823	0.0186561330022658	0.144053864356698	0.165044079831329	0.128793769773487	0.173026848180024	0.0763909359717233	0.105757674448779	0.123601132026994	0.125450566552304	0.21834916232941	0.160129249530172	0.188518524991044	0.235085866291184	0.271193028660354	0.386905691066033	0.164459433768178	0.104892485392051	0.126083083118137	0.238489562537529	0.0507164760502642	0.156791502051508	1	0.119057078868045	0.127874263071057	0.145812223193167	0.0851303544619151	0.276668936561273	0.115194249490054	0.281645777225832	0.277818434850079	0.152090503430291	0.0504217930775991	0.42291006204749	0.119800209239277	0.0903227253604272	0.0930215007872651	0.130373758322118	0.0871120551846192	0.268274487806577	0.125278688264568	0.0659385765167439	0.156458548064227	0.119791962715175	0.104412592747448	0.162769519345029	0.0114462230392168	0.144302101256621	0.0869817021717649	0.156653402152313	0.200828956643149	0.12342717773547	0.0671998021593859	0.185038981194765	0.148356514598851	0.157143912658075	0.129142881824818	0.10846460553924	0.0577007941681721	0.0706020888308868	0.116707937457985	0.103626574077852	0.0613272882539866	0.100643275381277
IL7R	0.11008769664334	0.0625144810204835	0.127221141722155	0.061116444192217	0.115824725742292	0.10987422818922	0.101507818175242	0.137456267361794	0.100959539286048	0.105904704634934	0.0919286637229208	0.0728513149649242	0.111700423232665	0.0943149201437428	0.126158187710841	0.0669404281274199	0.154723133691542	0.204205452139929	0.0380039271438195	0.0729999868065818	0.00055651987110312	0.143980837892994	0.157626417295659	0.0153752468755584	0.157094331816213	0.237488920955818	0.286810504451322	0.0238539100276641	0.119057078868045	1	0.142765293218279	0.0441106169258232	0.0853491107716838	0.144931204164191	0.225526337439732	0.189902640270171	0.0366570711334294	0.0439366966376227	0.103208906905235	0.0199260024931054	0.000300651057678571	0.0367965921250087	0.104204589680335	0.00089941440815691	0.127420110969222	0.137270456326876	0.231639038206455	0.225231967174715	0.0195390480052689	0.0466051018557169	0.133641624539718	0.202815023772341	0.17127297084244	0.190280317193247	0.0266873174141688	0.157293379019751	0.0585748744638427	0.126603466453604	0.0364783523773778	0.0966702583795958	0.103614856953053	0.0193190200873949	0.12220660601896	0.0218763827748602	0.0420389405709384	0.0605694568530904	0.0957142734327118	0.0968121739610987	0.0942913384116122	0.0949600660403727
CD33	0.0863078780199836	0.0695030698107118	0.171465586285299	0.0871000495926001	0.068921973190843	0.0851594561872732	0.134863100618753	0.0545739409314017	0.051642533876249	0.0224713235805165	0.026506257211368	0.0869821131698485	0.00955638507474358	0.120992930017097	0.0902813419309452	0.0849891714703921	0.181660406466754	0.224323855733068	0.119940076486286	0.0974857270885019	0.166422916623384	0.319091773502236	0.223340431948816	0.147131403636565	0.165780719118057	0.26381984929556	0.207115081235151	0.0711128665141394	0.127874263071057	0.142765293218279	1	0.0984571424423741	0.0985639756441746	0.201885079427962	0.161883296559019	0.183450603268182	0.0687920069765185	0.0592453919500449	0.124133411414739	0.204775800010853	0.0899839835466218	0.0970099062136882	0.0918033898340274	0.0862429143719714	0.057935307456583	0.16046642701816	0.144457198716041	0.296999622776047	0.100712188946394	0.0707757250464716	0.0898645154300592	0.0684503040216838	0.102948519360653	0.144321518809654	0.110330900497621	0.176067836884324	0.101000620798604	0.13488241511589	0.0332580303734839	0.135941178791501	0.156140385992057	0.156181456874494	0.0882064309529246	0.111730882643828	0.0638556522938877	0.0682876562893462	0.124205291291686	0.105582050710585	0.119439439885176	0.0689629534064624
