	ARID1A	BAZ1A	BTAF1	CBX7	CBX8	CHD4	CHD7	CTCF	DAXX	DPPA2	DPPA4	DR1	E2F1	EHMT2	ELL2	ELL3	EP300	EP400	ESRRB	EZH2	GABBR1	GATA4	GLI1	GLI2	GTF3C1	HCFC1	HDAC1	HDAC2	HDAC3	HEXIM1	JARID2	JUN	KDM5B	KLF4	MAFK	MAPK8	MED12	MEN1	MPHOSPH8	MTF2	MYC	NANOG	NFYA	NFYB	NONO	NR0B1	NR4A1	NRF1	OTX2	PARP1	POU5F1	PRDM14	RARA	REST	RIF1	RNF2	RYBP	SALL4	SIN3A	SMAD2	SMAD3	SMARCA4	SMARCAD1	SMARCC1	SOX17	SOX2	SUZ12	TBX3	TCF12	TET1	TET2	TFE3	TGIF1	TRIM28	UTF1	YEATS4	ZFP281	ZFP42	ZFP57	ZIC3	CNOT3	E2F4	EED	KLF2	MYCN	NACC1	PHC1	SALL1
ARID1A	1	0.183285382952959	0.0946421943388103	0.431972807954806	0.272912590094376	0.303313283500646	0.14564043396054	0.217488344364773	0.242283816880552	0.251518040614505	0.446092107855457	0.128707174479066	0.328405865318057	0.324805390768854	0.359200114011328	0.239979099845935	0.412245536853815	0.129141249117608	0.544599134650844	0.341002682481285	0.49870776471264	0.491636808224093	0.53154832876023	0.575788958958703	0.212967021206192	0.287249498178199	0.34006949947159	0.396448918990882	0.263216911596375	0.355543401674387	0.45562377409856	0.230150039016498	0.568312935627332	0.102036217339446	0.328755885561763	0.225995375913054	0.0622511570512878	0.0608961473952145	0.116938099756299	0.430908117296777	0.119974911115818	0.570431167478537	0.142847605713013	0.260061463433376	0.162030933511711	0.483522084131851	0.393909771339772	0.120407100520717	0.320172492174844	0.451651004468253	0.388636029386185	0.501797635682697	0.364735936408638	0.543670374377538	0.522172422681624	0.31495097040962	0.199413470520354	0.117135724869133	0.382151491812615	0.403407430704738	0.0468960712968696	0.16941981788315	0.368936739488946	0.393032451463621	0.460787289314497	0.576291476259657	0.397416680768369	0.237702556453705	0.181299592033173	0.5822639600304	0.336175129122205	0.142568654446045	0.554000426261352	0.422778412060566	0.400204202205122	0.102100465516418	0.290008639990635	0.591149052514233	0.496836146290348	0.189976068820657	0.209241286461689	0.286187962887484	0.475389238865787	0.553273336774622	0.324118913060172	0.439847503937894	0.564471720570827	0.309125710703449
BAZ1A	0.183285382952959	1	0.159500793964088	0.247003275954391	0.234872222428633	0.0460623190875067	0.168133700461161	0.129037821663562	0.0825100798833952	0.123620918997338	0.333490204295327	0.0315635329121113	0.1486143787087	0.387285655852615	0.167198058443447	0.179652938688366	0.212049354912579	0.0189297039352938	0.419663861927105	0.0617423419845533	0.364317899004403	0.38272189279289	0.316860573187497	0.380766215018181	0.245668445605634	0.107285637928699	0.0218242732190971	0.159357167189194	0.056163426782771	0.332189200861627	0.345047432556704	0.0797626675965764	0.330387940770294	0.0700153712957443	0.239365651116439	0.257825472547054	0.151527779920576	0.0918276632059998	0.232733881669943	0.26263747644347	0.00919464056755741	0.333994239145962	0.223507151799101	0.201064556397033	0.00333939714979591	0.378733430755202	0.256944751432593	0.0370611148345913	0.223717117978346	0.314842621406626	0.229132825198064	0.250869799118652	0.211617844082927	0.300882620073758	0.239176095199697	0.0356632514930148	0.14851551439405	0.224199700829745	0.169406687810907	0.333148488186295	0.0663149579031627	0.0301216680299587	0.300495192170004	0.243123493564314	0.359826434331628	0.386258446665844	0.206002807960815	0.130532552818553	0.235590446397522	0.369848659049678	0.216236835935553	0.304425590463709	0.306998815464133	0.2504224141536	0.245105534873075	0.109408536528432	0.190091125460769	0.337932079440609	0.413958544201618	0.0637609802426055	0.185336778533414	0.16645962985671	0.298429210442412	0.346444210914523	0.351731382694689	0.196172234366053	0.36383007758742	0.137417720035562
BTAF1	0.0946421943388103	0.159500793964088	1	0.0784554056760249	0.171875575520044	0.38709058470034	0.309254998953869	0.477026587741948	0.273889209059675	0.425027494566699	0.397841524316275	0.486563511570111	0.0018418786789461	0.0772004520076129	0.270194173028417	0.080192789796768	0.305346868310587	0.324326343733607	0.188328399902086	0.363186186533319	0.0940499342316739	0.123623438717881	0.0111486209974836	0.000972426805079838	0.0128284722612719	0.506859242904006	0.297320667292052	0.339066043801712	0.357911545144452	0.260392784553676	0.312490679770426	0.270582244924425	0.183405964861209	0.353564318060339	0.264197411221811	0.0337544824816269	0.0285886216252174	0.0290704936050215	0.0425223653502646	0.429248898335003	0.262423865125762	0.0187004540556712	0.0345071611436594	0.178617586667935	0.396474527834256	0.138350166707333	0.0470661840133761	0.472623714335634	0.050051530876911	0.374581688114706	0.340925967951225	0.0500301436665159	0.146408892361291	0.260459574824626	0.307348439745936	0.335175007365023	0.417049721494087	0.192098058398283	0.288807573495042	0.038068388130566	0.116946463478527	0.488841437442915	0.315954628910104	0.386715893962109	0.110436023482727	0.0433117454627371	0.329654892052242	0.419955414898557	0.0110171330071266	0.188281924652025	0.323281636554894	0.189068750590992	0.154954034535791	0.501444569211178	0.321163232865293	0.177000708601999	0.290513341649537	0.150498841865117	0.172940693334522	0.374900705485243	0.340979998988813	0.524972199536622	0.321359101854005	0.030085595653085	0.110167044195031	0.233407999408693	0.000210216165593515	0.017607433674649
CBX7	0.431972807954806	0.247003275954391	0.0784554056760249	1	0.364540569378173	0.292916908027184	0.268769633545941	0.212910497560907	0.238549919167884	0.222313204304916	0.454227112660653	0.160219478203612	0.402791078808156	0.368947643644513	0.321150308953787	0.376753831311062	0.429149676678133	0.120199256914156	0.615890901082776	0.294532027733196	0.574010900736501	0.624598233806793	0.588901850120801	0.651118428834495	0.301847269696778	0.24809617211661	0.346605757125115	0.471075240437277	0.261083905105756	0.445831968411141	0.526283647395803	0.193202622113631	0.611663760352879	0.0261019012575285	0.345439953643736	0.21947755829775	0.218258648903323	0.0318060835334744	0.153092415008282	0.491105974456801	0.127910916469337	0.632457860222651	0.291947855776357	0.32060300193518	0.154572130331074	0.60675329560293	0.38140865246507	0.161241810126688	0.419505768336552	0.553104008680821	0.438405265424123	0.556782469414897	0.36664707674981	0.575369666477287	0.552762646501933	0.261216250882799	0.21557118201415	0.330820368379329	0.438345053306186	0.511336523402663	0.0582070617039462	0.198141281699844	0.383473548732282	0.420884942415675	0.609536905070546	0.668093567858267	0.477747896895238	0.233129824784819	0.323814488058215	0.6020270546707	0.292773658906198	0.2270477710547	0.557587881298682	0.471348739318432	0.486485001912489	0.159699440482059	0.255719211477013	0.657578435727001	0.503227900687804	0.219616827367923	0.287162980659365	0.371240093031364	0.553033864758474	0.653532200506176	0.380070292912714	0.482011958072491	0.652306709755664	0.294092767746198
CBX8	0.272912590094376	0.234872222428633	0.171875575520044	0.364540569378173	1	0.210038568390684	0.42227607678581	0.279591199588293	0.298722386471535	0.385956227389414	0.567821452077816	0.284631008700123	0.340504950893361	0.563026538288237	0.297266070429641	0.231194830052803	0.422299191593355	0.155360573780529	0.610519618764577	0.417886244090763	0.41307574434025	0.625993014854798	0.433806727899702	0.4906622450368	0.351912055377523	0.291963757959615	0.258154237589374	0.476450450405942	0.209973860596675	0.470952499725988	0.531356254437485	0.382575381027605	0.531604527871095	0.232536770419199	0.386448146606753	0.361963717675549	0.354091220388604	0.233326584529196	0.357572108771801	0.464354719794318	0.292568539125284	0.484165549540154	0.366876461876382	0.298635015030704	0.19086388776901	0.55298883116046	0.357090448888415	0.214408995058181	0.355873582758952	0.585973619559271	0.475836241616651	0.396030580864555	0.171516269753646	0.53389517005816	0.545978970987897	0.221925438523397	0.322852866050485	0.302540107331706	0.320277479130418	0.589553465607524	0.199003217435928	0.203580278835938	0.429595295518415	0.449089784125411	0.602612718164139	0.530491212341672	0.581698655325771	0.369046294747629	0.420626803253338	0.583179325505037	0.356284740361714	0.417862727568113	0.492254333039304	0.53688745661431	0.589525156582522	0.189023072068133	0.335917130088334	0.521488899375302	0.526233212609666	0.403281614108758	0.343215127722451	0.47638233952388	0.595307360329617	0.504122415694419	0.503893745196781	0.338407552812063	0.479639291336792	0.148996013349465
CHD4	0.303313283500646	0.0460623190875067	0.38709058470034	0.292916908027184	0.210038568390684	1	0.288200511933149	0.258133337886741	0.311205729749713	0.33245382422969	0.402469817007228	0.360302170590969	0.182638811901571	0.105930432390298	0.305428275188317	0.0753161111813851	0.351217076947572	0.289311814939203	0.304676590436363	0.427996258208474	0.153363724461039	0.291277180338508	0.250134297959659	0.240853986332045	0.102761341492235	0.403860223633838	0.445584478431383	0.345435903793872	0.38147053481674	0.270780538427193	0.355069342577916	0.319266726080654	0.38377123774386	0.188677486494985	0.333668076816663	0.0575648211962127	0.0757877499099347	0.00826130070783833	0.0320379307866168	0.467011306901414	0.220351614006464	0.259358395010057	0.110758834188092	0.199623424988253	0.306000367054594	0.283281743362676	0.202976479561553	0.399292770297951	0.167197960608452	0.438692588966641	0.405984860033571	0.204024729892848	0.143966788056791	0.402185852686777	0.377776502854603	0.332208801511493	0.290251328776203	0.0221182079418415	0.407850040406867	0.2344568849344	0.0496483157960122	0.334017877922789	0.341935320594876	0.42138648146609	0.308260569077979	0.283478673333106	0.362683519931846	0.373728845939532	0.0813462716661191	0.34363404165638	0.402241821555575	0.127178807240978	0.304448531393994	0.493385442124476	0.359546439063176	0.00701048454759666	0.283152094419237	0.354583245947489	0.239154143720822	0.283750703114399	0.320746212952935	0.463458363571813	0.397562365837356	0.252488768011563	0.175984425003743	0.38971313711259	0.276952210968857	0.114862539898544
CHD7	0.14564043396054	0.168133700461161	0.309254998953869	0.268769633545941	0.42227607678581	0.288200511933149	1	0.420188341919711	0.325628704189739	0.577723588628915	0.602409326010394	0.37868301221499	0.152183978379429	0.300985718951011	0.275775473783326	0.141992717639985	0.375260774456052	0.208558522820702	0.440387009347954	0.404622261818379	0.123041621176124	0.397061232152029	0.17032188014514	0.252865592184527	0.29295852804085	0.497489240341986	0.358309661365658	0.397435415091933	0.305110668028106	0.420945845777531	0.53173174093515	0.458207566721655	0.418345698377045	0.403472895065665	0.438185787901256	0.387304995858105	0.200612323841528	0.170002093274942	0.323594791953529	0.537457297578293	0.289023806155076	0.228830844692176	0.222366676718111	0.241796411982185	0.408811173498956	0.366710693829188	0.258482198578637	0.339820762632603	0.26309815750094	0.600878181937084	0.63943186544378	0.185502218193088	0.0257059753116726	0.396639168280078	0.438253368778195	0.161649301843581	0.398905642131536	0.0843161706733821	0.303163958992482	0.423072170734493	0.314592703683548	0.325422629122949	0.384458038040106	0.514291339675222	0.397313638103805	0.288971428622737	0.446352507147443	0.61917113324638	0.377518310617873	0.437691691721762	0.467393030630937	0.399414133592086	0.317447568908254	0.613274371830063	0.550843793071614	0.0383662623432388	0.245834645037184	0.384909425134559	0.346008439759638	0.509237950934456	0.380545110376465	0.52216478372282	0.518105071371598	0.273907873483202	0.319836445228035	0.198441090906347	0.241258452860491	0.108024893143774
CTCF	0.217488344364773	0.129037821663562	0.477026587741948	0.212910497560907	0.279591199588293	0.258133337886741	0.420188341919711	1	0.344832725877731	0.453677296604088	0.524381112926086	0.411800948997586	0.108127977224348	0.194977259734014	0.349434583086325	0.106449461347481	0.428180817156209	0.293865612946021	0.375571996064681	0.43465184514748	0.179277523588875	0.313842455142759	0.196174345349968	0.225961683216455	0.172064578887481	0.522063833838363	0.300130132274332	0.361260928239555	0.338338344404858	0.345396028134393	0.459653889378814	0.311239158700563	0.302701654682623	0.247906387823286	0.392189318236412	0.171310042302067	0.0594553655819387	0.017778874430036	0.197527051922075	0.46006434878928	0.267649282474583	0.20998096030161	0.0821435271356988	0.307400411381607	0.458953487266983	0.313748451076202	0.256814691449121	0.413818171270195	0.212304161120455	0.539907154282229	0.469416450431704	0.153850880771527	0.0261352647857932	0.402050538475033	0.426607087404774	0.266138797585305	0.44887802434418	0.101362002660285	0.377234089154184	0.202184220602736	0.139393223566138	0.543162116600339	0.454897075198186	0.519284606096089	0.273122535430459	0.272302158292683	0.471825100209154	0.486548272303994	0.131971216711013	0.373881360756504	0.40046446518846	0.260020094283686	0.320739432319322	0.593674658540457	0.421624207687387	0.235230583403864	0.259027433378854	0.341101226547753	0.365367369011855	0.394266581804302	0.399649971657887	0.517475048485975	0.432992170436842	0.201818400582458	0.225058626575656	0.24707059080911	0.220899624722286	0.117078572546356
DAXX	0.242283816880552	0.0825100798833952	0.273889209059675	0.238549919167884	0.298722386471535	0.311205729749713	0.325628704189739	0.344832725877731	1	0.291469576243026	0.398313413713322	0.369285720503001	0.192143488896042	0.289796168177615	0.313369364365354	0.110156750128047	0.324615200497796	0.23161949826348	0.348455588970333	0.391720450985223	0.246225350373625	0.410693770733632	0.243616110029811	0.298894527122787	0.203498850745332	0.314850025121145	0.312901798157407	0.373587666612904	0.307115816944457	0.385839717317869	0.399269424143012	0.213853640874216	0.410510206771951	0.19489180338996	0.301459246767243	0.213189932164401	0.117243770195999	0.0409439080614331	0.140630473290735	0.445965178726459	0.243429591723779	0.305105898218523	0.139697574888572	0.163285932941399	0.289786549965606	0.306967716671837	0.25603754735239	0.259763591709705	0.235812400661746	0.420134588162788	0.37560032279592	0.233694016324795	0.0943483321883231	0.424021312102694	0.432328975579533	0.264895397719705	0.338588121323473	0.0437268418697472	0.372183006538557	0.264412052953024	0.137435361562201	0.19908976551077	0.354275970871546	0.346204320042941	0.403572798759713	0.338428614055261	0.440344328067345	0.299339332801437	0.198166788434775	0.382870295533031	0.265938825225542	0.143341214322185	0.374449894048134	0.466238250842546	0.442134643296146	0.00510248747207631	0.414844325763464	0.376314303839374	0.354267271515314	0.287161087852172	0.331930636490846	0.465866373044124	0.453447645445956	0.286790511467341	0.231045371507691	0.327210180136651	0.286236112022562	0.110102122839245
DPPA2	0.251518040614505	0.123620918997338	0.425027494566699	0.222313204304916	0.385956227389414	0.33245382422969	0.577723588628915	0.453677296604088	0.291469576243026	1	0.742514742666385	0.487413806623162	0.231416275864706	0.26060956856805	0.458734500736212	0.124709855208068	0.49135004940883	0.351725922824689	0.51101191856733	0.522619345091609	0.0678387056050819	0.39203021363286	0.137996754131343	0.182284918507909	0.251282820323914	0.484662886272022	0.363901043823997	0.455996386550687	0.367157270941845	0.410815053405089	0.705036429759108	0.51074938377377	0.413556483461077	0.335036974713518	0.441315600630356	0.347251124270088	0.122272722119384	0.157164627174364	0.349743579116221	0.642713089070066	0.257527509904292	0.231147166303174	0.206473899147129	0.186799992249723	0.428465686195869	0.353830094960643	0.247795856021209	0.397778839190804	0.200441805591569	0.640726512869902	0.739695472363373	0.140662650567327	0.0413451674066731	0.492441301329402	0.520061789590178	0.218835708415984	0.511976138723073	0.104067449561827	0.438608378453802	0.414716357514673	0.258326674254209	0.398173096134055	0.51204000817753	0.548060397181438	0.389274528268196	0.280213235032744	0.513209407252112	0.670791070284812	0.265481613258015	0.479606020059559	0.735310180156774	0.481514475221514	0.396020581074716	0.685878668333873	0.484448884990875	0.00990395833792604	0.347573141009712	0.41362677954349	0.324916954369298	0.563567830101318	0.47746273718764	0.479874990527607	0.513458086684006	0.212201899593073	0.392702149629126	0.192591920906668	0.242734857424505	0.123009140450395
DPPA4	0.446092107855457	0.333490204295327	0.397841524316275	0.454227112660653	0.567821452077816	0.402469817007228	0.602409326010394	0.524381112926086	0.398313413713322	0.742514742666385	1	0.483277595735557	0.382294719522817	0.563240188377727	0.516584826750996	0.272773653545868	0.630063397681865	0.297845425949217	0.814012732135804	0.599078328174827	0.445129854685918	0.725324379725153	0.502747051469699	0.577535011096451	0.420342238840035	0.555313553038959	0.447800924251954	0.606341727500457	0.425921172675711	0.626451208935683	0.836755605013175	0.48961664629154	0.671614537762251	0.313243953333626	0.599524217243346	0.500880954797857	0.238473420458052	0.211083916687698	0.417448521997277	0.761279217404264	0.371395189496204	0.5483905681355	0.349487363099644	0.400533285273303	0.444364195051003	0.701940423979641	0.492050990378413	0.361282549274987	0.40861824685815	0.832509542229595	0.770451301861273	0.437002508568321	0.191136526597367	0.732050471974177	0.738196272317654	0.371157022221903	0.524547641611992	0.181286263631823	0.546350318443632	0.652916480328968	0.278040000421611	0.407162547923619	0.665541032084273	0.690417530583916	0.684293915591028	0.644497239559574	0.70655628908524	0.630186955228995	0.408056749403943	0.787644636197462	0.649997925358623	0.56071262519698	0.67823489575765	0.83805048945529	0.760784068574352	0.0902617638289565	0.482618085841226	0.694696930429558	0.689509260717688	0.585632307793057	0.536336946369982	0.681016640458989	0.779828549669703	0.574386392797019	0.578149275857959	0.455580533659649	0.593394443855346	0.252116067750206
DR1	0.128707174479066	0.0315635329121113	0.486563511570111	0.160219478203612	0.284631008700123	0.360302170590969	0.37868301221499	0.411800948997586	0.369285720503001	0.487413806623162	0.483277595735557	1	0.0396127744787885	0.224663087893978	0.4149049501041	0.0975541993243211	0.437908839836735	0.346917322924795	0.325897322565695	0.430942952570868	0.0965507835873648	0.292440375813665	0.129848362394951	0.155483979240187	0.177298985815888	0.483075730173213	0.315751521568854	0.442907046875267	0.306364010658029	0.367766605150999	0.447453488867566	0.395441085386681	0.383210782319519	0.291989706433892	0.347106136674576	0.17644371578469	0.140908670465212	0.0251429443242259	0.13100117561511	0.498021875396562	0.269548233552423	0.19823461489728	0.178760168841272	0.220784898188178	0.303480174798909	0.303840376108281	0.215000821672679	0.407791736473721	0.15485835550671	0.444765777807298	0.442479358449746	0.131882122988559	0.0308889914865141	0.421056710130558	0.402585488287659	0.276721929065424	0.435239753068545	0.130663362332829	0.28400513959444	0.286176981357827	0.196863837621891	0.304451659839769	0.351627652303982	0.400876877584088	0.27228562778991	0.217530844044728	0.41449059332969	0.452184024328026	0.133789281810921	0.325905089360311	0.421353477128164	0.245209044148526	0.314455858565225	0.538852889694617	0.38888585323779	0.0933828726471273	0.350950373356011	0.333979192878586	0.235748457051625	0.405878337172327	0.388942325342017	0.497354772216144	0.390815143609084	0.163928363912467	0.221319226588516	0.27781290541067	0.190372082173836	0.059203358475172
E2F1	0.328405865318057	0.1486143787087	0.0018418786789461	0.402791078808156	0.340504950893361	0.182638811901571	0.152183978379429	0.108127977224348	0.192143488896042	0.231416275864706	0.382294719522817	0.0396127744787885	1	0.450469056608462	0.228599698712628	0.305055625096588	0.298835244846676	0.109976088897376	0.514537489193771	0.402314531442923	0.445753150894384	0.583370051780833	0.475611581133462	0.515048328748649	0.330780828650441	0.125691980821088	0.350117038300077	0.394449037539699	0.181240202966724	0.327108962223889	0.389138990135813	0.198196590641243	0.411497912474204	0.0146616687988687	0.193712641348809	0.203904926446581	0.214583168994706	0.129187332814376	0.169659579576231	0.32875777141785	0.1658789839804	0.550980686280397	0.244604505561066	0.309273982428287	0.148447642262287	0.478362388284938	0.277355218457478	0.0425776126266453	0.349607252323968	0.461142448788551	0.328902891820652	0.44260719541651	0.322011249882205	0.466631014649568	0.475353462977465	0.180580974317498	0.120932269034281	0.39386086206513	0.421826376094534	0.483612273688319	0.0119554260918018	0.116429992231063	0.336262846298289	0.38690090936927	0.553605565355671	0.546013153203302	0.475811491909322	0.13704216819326	0.361320032776513	0.520199286898957	0.235210877909243	0.138926314007377	0.470579007343055	0.384934267831124	0.406752340952041	0.22177342736941	0.253895919803297	0.500679079171264	0.40693929677065	0.197342382544964	0.170403788455391	0.298115083894576	0.48472364527759	0.552112816058428	0.397422993533832	0.356301429115391	0.542269455139529	0.189718025688631
EHMT2	0.324805390768854	0.387285655852615	0.0772004520076129	0.368947643644513	0.563026538288237	0.105930432390298	0.300985718951011	0.194977259734014	0.289796168177615	0.26060956856805	0.563240188377727	0.224663087893978	0.450469056608462	1	0.336135326587924	0.316615229770931	0.390462559215956	0.0414696559205086	0.713331220284662	0.356487756696838	0.577799758672229	0.776027015087518	0.55882379215615	0.645214969878859	0.448453417447722	0.189017856535033	0.103572268537174	0.492123351640178	0.0561966950389311	0.531157427814067	0.57595872430453	0.211094172866016	0.60159226716121	0.0330460975279636	0.316348361353287	0.471239424376009	0.392733801128644	0.299666170100035	0.358613421936784	0.446266751609988	0.233394760153865	0.668368238997445	0.379659765046602	0.305249691760775	0.0874778192765223	0.679783503149831	0.436534451840145	0.043091991840327	0.414457854796417	0.556470002281489	0.316831355811747	0.527398271026497	0.367710913518683	0.601869734539576	0.611954076678104	0.218117876230128	0.301976390951071	0.477090123971054	0.296368963246789	0.670963860874742	0.215609238420952	0.0385204356264134	0.424813654259593	0.399156646187367	0.721983496049939	0.694800488443933	0.599557221917276	0.159158873983666	0.431100837936339	0.69323840616525	0.185128379597309	0.438370040513669	0.64644437132737	0.468142686033977	0.556580527744553	0.332892867351558	0.372454795523627	0.60059894736541	0.675744034765345	0.185002824443224	0.252150565109355	0.399539455114061	0.593630508087172	0.671074199325276	0.612449781786679	0.325322546012978	0.627767097885808	0.123746855993103
ELL2	0.359200114011328	0.167198058443447	0.270194173028417	0.321150308953787	0.297266070429641	0.305428275188317	0.275775473783326	0.349434583086325	0.313369364365354	0.458734500736212	0.516584826750996	0.4149049501041	0.228599698712628	0.336135326587924	1	0.149845049305261	0.454149988968154	0.270627686655286	0.493762053905786	0.392832842512055	0.316209780907801	0.465052790955379	0.337884578541299	0.384750279011173	0.277613576786555	0.358061133539218	0.327850079839796	0.510946442249439	0.255547088168253	0.415952545809598	0.581226074881802	0.339191140714914	0.533292194974744	0.0828039674163801	0.380998005851838	0.240848656364311	0.0785093951709482	0.157085451407413	0.21548335116658	0.521998321555976	0.161377719010427	0.418474711323205	0.22635226923023	0.220770607079528	0.218187995938082	0.469957210737092	0.26198494053556	0.175986884882677	0.273983753345327	0.535326818989016	0.502844210579535	0.35659302394971	0.218851984966369	0.550055597419204	0.530671778393697	0.318781655671852	0.276418961274766	0.067879299234733	0.363892486371491	0.390065385494668	0.145410936694262	0.21847729523085	0.440397208796483	0.428693031092692	0.402812196487312	0.446055617709651	0.504576539741752	0.405582393328964	0.206526517144421	0.527241328023443	0.464471695091032	0.274560293433286	0.513057879395127	0.539277017779602	0.380276155078849	0.0457516311482317	0.342275705104734	0.508467736501391	0.402792249893707	0.292266555280889	0.327281846014301	0.357073935946076	0.480372357595771	0.428233558376881	0.377642978549584	0.349615777186214	0.462513268393537	0.209762564278817
ELL3	0.239979099845935	0.179652938688366	0.080192789796768	0.376753831311062	0.231194830052803	0.0753161111813851	0.141992717639985	0.106449461347481	0.110156750128047	0.124709855208068	0.272773653545868	0.0975541993243211	0.305055625096588	0.316615229770931	0.149845049305261	1	0.248623961867798	0.038865062178354	0.407398079150045	0.195611999700665	0.418841484289467	0.427886526749162	0.393631383252223	0.430245930345125	0.187045279339815	0.0666027398506227	0.222741452469773	0.302218299072679	0.0468829733979527	0.314428160399117	0.321249474430165	0.105375942899213	0.391339362009531	0.014786215218946	0.225463594439786	0.11787957690332	0.102909251126496	0.0882630455741436	0.101003637036848	0.266914997687011	0.0602611304837042	0.472968880311936	0.225602465192587	0.284039238378336	0.0655107136041345	0.369689790496769	0.3066129004103	0.000803930187673504	0.235749886697897	0.289747867935545	0.238122857124777	0.428888785467251	0.249462734508065	0.358021091745116	0.351538416431697	0.176875791810859	0.0906713160944947	0.291430910140402	0.234989271656936	0.391756120241993	0.0191874064548665	0.0346646021636774	0.210723959687	0.290315417787854	0.399577840836124	0.476122288153704	0.325798660731732	0.12825619813647	0.222016657841433	0.390993270521285	0.208713490121104	0.137672958623622	0.407965652925986	0.216827432621148	0.263097655895626	0.102737156273838	0.144114869362577	0.452532906233526	0.310756836945965	0.148155015285615	0.116329940795027	0.15132574981471	0.380172127684653	0.474448971617107	0.288504847899991	0.200197312634945	0.444904047828708	0.146428255232662
EP300	0.412245536853815	0.212049354912579	0.305346868310587	0.429149676678133	0.422299191593355	0.351217076947572	0.375260774456052	0.428180817156209	0.324615200497796	0.49135004940883	0.630063397681865	0.437908839836735	0.298835244846676	0.390462559215956	0.454149988968154	0.248623961867798	1	0.333254835146526	0.591819233866279	0.475546146692047	0.446699627880424	0.562756550841691	0.428637616939684	0.461076673346612	0.261212766772635	0.415902713600087	0.375377560324554	0.513820505614393	0.325181296751883	0.517942974543866	0.620809942509899	0.364021342110149	0.577645516845924	0.149957735795908	0.405190435731626	0.287396936393072	0.142849752861739	0.0826450520651748	0.261236239952474	0.557410536480941	0.178601320847107	0.494784691021114	0.247159109884736	0.370769360293318	0.306609565210957	0.524142715704828	0.341270991198795	0.261919255175173	0.331400594875274	0.620410794370885	0.543138292951771	0.364863693678692	0.221367895334813	0.596077249183597	0.570287313263306	0.361010148816794	0.364076146956931	0.0845964260800118	0.484755914633209	0.460519705627066	0.157461776519027	0.327505858387135	0.532437215512516	0.530988074435718	0.534616678642109	0.543255618547449	0.584502479661153	0.457168958548242	0.256676479689923	0.631260758342776	0.4664628217401	0.357804472929269	0.571204480932943	0.583016473502231	0.516090028624919	0.00272672651703809	0.395180011289664	0.5649009620065	0.490851993465463	0.339881370359741	0.456956905654062	0.470498373467129	0.618657939231172	0.497669083173048	0.456074875279086	0.381127692812588	0.520323207188714	0.258837252948707
EP400	0.129141249117608	0.0189297039352938	0.324326343733607	0.120199256914156	0.155360573780529	0.289311814939203	0.208558522820702	0.293865612946021	0.23161949826348	0.351725922824689	0.297845425949217	0.346917322924795	0.109976088897376	0.0414696559205086	0.270627686655286	0.038865062178354	0.333254835146526	1	0.181946283603725	0.280720297615813	0.030501046129912	0.137875833034239	0.0453947779213877	0.0702236650419395	0.0896306351317586	0.289600737563883	0.266445517960278	0.184359421960398	0.239992606303188	0.23158054313264	0.274695693293143	0.18949333501312	0.190600441713837	0.117502915113491	0.160017474668091	0.0443693547731775	0.0138993459168614	0.0772718355858822	0.043309574423311	0.328203883901638	0.112951720593353	0.100606709266297	0.115379511413103	0.113216009259315	0.252300752565538	0.084358628931872	0.119182236205156	0.285323149658293	0.110758318969953	0.281404291372343	0.279067246641065	0.0495435301947325	0.0164454036781772	0.253681339251841	0.255483889036615	0.148922277465497	0.303490018577201	0.110065742220817	0.266288432519918	0.0466795673399678	0.0592196094668899	0.262848685248874	0.359135523977723	0.267581031263133	0.107416231339021	0.106895898869179	0.289991825530862	0.322538717818633	0.0793748732680278	0.20453972835389	0.329680914268785	0.0996680383579818	0.178704968261318	0.339136979929584	0.155463092271293	0.113146863078466	0.202421280987643	0.187005767652134	0.141881352262583	0.172925143668728	0.287223243191498	0.246734512325409	0.251914396867615	0.0674422163264388	0.11534852770661	0.0955092550083755	0.0974071315817037	0.0976876906496303
ESRRB	0.544599134650844	0.419663861927105	0.188328399902086	0.615890901082776	0.610519618764577	0.304676590436363	0.440387009347954	0.375571996064681	0.348455588970333	0.51101191856733	0.814012732135804	0.325897322565695	0.514537489193771	0.713331220284662	0.493762053905786	0.407398079150045	0.591819233866279	0.181946283603725	1	0.502003773159634	0.687604855505691	0.886200404740441	0.723861964300743	0.814160907194683	0.512427006750137	0.403002964265728	0.371477852528387	0.639383382506012	0.304003623479558	0.646485864293524	0.826065706801016	0.37390399352484	0.778056147459701	0.086929239818538	0.529466941415029	0.474390584909073	0.346636765643955	0.221014126763768	0.372050453409716	0.674018504563382	0.290252789452719	0.80316763311335	0.413294843344873	0.418506731013497	0.270082932342978	0.84837635076746	0.577209616623912	0.153791188895429	0.508025139134758	0.793871911607899	0.656050229318644	0.655444174869941	0.392402939784078	0.79325674135862	0.781097722324064	0.369443959670456	0.407905972231985	0.447484361277881	0.539374545186895	0.7667041363157	0.228134213914263	0.252390880586116	0.612283935076673	0.645111101676432	0.825902508204848	0.874337416001148	0.708913104743503	0.430587554183215	0.481781019495213	0.906363524803884	0.50924723324856	0.505576978607144	0.839624461616628	0.720217336426142	0.748539355502799	0.229963804087184	0.422789596599165	0.852942008590565	0.811074777505494	0.424010242149967	0.438501875340077	0.573420353942231	0.826388402823011	0.830333540717551	0.652433930758974	0.547727843840873	0.823351572271198	0.317341820701853
EZH2	0.341002682481285	0.0617423419845533	0.363186186533319	0.294532027733196	0.417886244090763	0.427996258208474	0.404622261818379	0.43465184514748	0.391720450985223	0.522619345091609	0.599078328174827	0.430942952570868	0.402314531442923	0.356487756696838	0.392832842512055	0.195611999700665	0.475546146692047	0.280720297615813	0.502003773159634	1	0.265674158856913	0.479312874183875	0.317033661186011	0.346724057238383	0.26457291510351	0.420909535507143	0.420044064861304	0.524044089515197	0.362387645929	0.391372892980997	0.560677839591771	0.435385142553177	0.44459774735395	0.229924896857999	0.393596913602819	0.221554293108113	0.204936355092757	0.14997706520625	0.149647635462512	0.551211601684123	0.310145040206786	0.373443128986581	0.20880024647012	0.308452895940597	0.40353048770887	0.455004417056598	0.296744524773893	0.365000749881232	0.313042333439581	0.622761869531148	0.53414597892408	0.308416737708137	0.107103423550138	0.545859643415934	0.601722127735508	0.347767695734076	0.406422266118484	0.0569191582499684	0.466555117300423	0.404463861047223	0.162248158217362	0.394623357466584	0.554759454515522	0.593731399401924	0.440188901600807	0.408105472187078	0.600901511207034	0.487596573233906	0.237151735643955	0.515822832409378	0.501150699673256	0.3201515041135	0.431371046862848	0.64840010859915	0.517814583802344	0.12082479206604	0.382597799051398	0.457530621015895	0.39934776373098	0.444123220127515	0.43349395232967	0.509188079065781	0.582844018688398	0.374161088564607	0.338443794540631	0.383705032818166	0.387714273059565	0.115995927184397
GABBR1	0.49870776471264	0.364317899004403	0.0940499342316739	0.574010900736501	0.41307574434025	0.153363724461039	0.123041621176124	0.179277523588875	0.246225350373625	0.0678387056050819	0.445129854685918	0.0965507835873648	0.445753150894384	0.577799758672229	0.316209780907801	0.418841484289467	0.446699627880424	0.030501046129912	0.687604855505691	0.265674158856913	1	0.750481082692178	0.695763906384274	0.794869641465284	0.4251134601929	0.158605393676089	0.23654892932143	0.479429346647009	0.154085188757388	0.492708844980291	0.54947349796931	0.127789048047839	0.661031793063744	0.0983244489938527	0.326657869209343	0.303394161929444	0.21976417693996	0.122321255705621	0.178416807382375	0.382303215361931	0.152337824431946	0.75509070188259	0.326865376425116	0.336775634041607	0.0352785511521417	0.706231479297641	0.542274238963606	0.0240082668913995	0.463860722777182	0.502238165935644	0.317593296642198	0.662636174357641	0.491915733511808	0.604944271280208	0.586322214198177	0.274276381054137	0.142757422090747	0.487283077749318	0.382136997290296	0.569961560881061	0.0636220228540275	0.0425122538280754	0.401944293579902	0.381276938444052	0.671515929166841	0.79465130148631	0.495467412722972	0.072861446588838	0.336223831020188	0.68923640377744	0.176479486189007	0.257934428410584	0.699790407940365	0.383386130220209	0.515122975295658	0.219785598253231	0.261562405856257	0.724723563142173	0.696044349898578	0.116051559044968	0.222574163587516	0.299744935034002	0.583998703489192	0.78001595894847	0.461014048045622	0.473239790599425	0.791000846378835	0.221827389543736
GATA4	0.491636808224093	0.38272189279289	0.123623438717881	0.624598233806793	0.625993014854798	0.291277180338508	0.397061232152029	0.313842455142759	0.410693770733632	0.39203021363286	0.725324379725153	0.292440375813665	0.583370051780833	0.776027015087518	0.465052790955379	0.427886526749162	0.562756550841691	0.137875833034239	0.886200404740441	0.479312874183875	0.750481082692178	1	0.747036084826296	0.852685153568095	0.548980298358648	0.324831813935584	0.396255229360253	0.648423973136806	0.257362659273226	0.646952806458701	0.780793421132564	0.347916906808969	0.818525216331639	0.105311743703983	0.522560186026395	0.485567411601852	0.366587452000698	0.243190032398727	0.364737632253009	0.639526430625569	0.296795301237723	0.876703431633654	0.452886628543026	0.438714318675767	0.207653867817028	0.843312638771752	0.588965562135401	0.159761889379566	0.525930595182948	0.770265516833877	0.601314077730802	0.711571721054941	0.433611664381963	0.788887392852705	0.794416712537143	0.371628044223583	0.321167596770186	0.515650998338832	0.533665249376882	0.805248479986194	0.212350072962837	0.18041925566975	0.567872146433606	0.591339548445891	0.911082147114857	0.917444643294127	0.729158254407588	0.329848106946945	0.566701996944323	0.887825429600873	0.382185988885862	0.434512861382717	0.833833908665937	0.695114282995157	0.762287052255878	0.322785726451074	0.434288059665923	0.855725923809401	0.807140477701659	0.322979262862923	0.386340183723237	0.555176120315359	0.808439959873727	0.894902399891206	0.636061586066228	0.558753320659782	0.859748207844078	0.264583562553544
GLI1	0.53154832876023	0.316860573187497	0.0111486209974836	0.588901850120801	0.433806727899702	0.250134297959659	0.17032188014514	0.196174345349968	0.243616110029811	0.137996754131343	0.502747051469699	0.129848362394951	0.475611581133462	0.55882379215615	0.337884578541299	0.393631383252223	0.428637616939684	0.0453947779213877	0.723861964300743	0.317033661186011	0.695763906384274	0.747036084826296	1	0.829460710609101	0.393915108452833	0.192072674584942	0.285003277345569	0.462934407347825	0.209942905464293	0.461918830993684	0.566890929488026	0.171414070785493	0.691020508735586	0.0761242837956604	0.3660791194218	0.325561610985883	0.261345120686066	0.136333398592634	0.201492179507626	0.453796240131379	0.137299829844882	0.789365748011815	0.293865991952091	0.3669649525493	0.0690544983682633	0.713259832070815	0.548770804484647	0.0381546063799367	0.391993840391687	0.563355684937308	0.410409836103777	0.698306800325235	0.470643068533647	0.622098685919577	0.582616180100253	0.301306862344426	0.137496834841641	0.421657874980036	0.404716011766303	0.603828019204993	0.0552491228876334	0.107832370019987	0.361074965466422	0.468289867126911	0.679011617954475	0.809895819883489	0.480855711667491	0.139561732774742	0.368128750567964	0.710830715969254	0.247065458222157	0.224659028679952	0.705602733874175	0.44325042663238	0.533032240673851	0.233439658873702	0.252258436117239	0.764499891131736	0.630371820798026	0.1966018905541	0.227226345023126	0.35546113767668	0.586725430983697	0.842013266224653	0.456414194723909	0.565678300042573	0.788161707679559	0.40010220026878
GLI2	0.575788958958703	0.380766215018181	0.000972426805079838	0.651118428834495	0.4906622450368	0.240853986332045	0.252865592184527	0.225961683216455	0.298894527122787	0.182284918507909	0.577535011096451	0.155483979240187	0.515048328748649	0.645214969878859	0.384750279011173	0.430245930345125	0.461076673346612	0.0702236650419395	0.814160907194683	0.346724057238383	0.794869641465284	0.852685153568095	0.829460710609101	1	0.466061820350097	0.258031453421654	0.33566801468929	0.519401067131571	0.199882246647774	0.55396630691194	0.64004001938618	0.200674114637099	0.777551564960056	0.0612292400426094	0.425915792749208	0.35828186670452	0.290320360659556	0.135484876211245	0.228201592077916	0.537175494958065	0.19215273285383	0.876389679531505	0.36178487238947	0.404640194790239	0.107286129800054	0.779303059238181	0.604925645775123	0.0336361422725848	0.51885534714713	0.630314901560894	0.459756982864145	0.791215904419959	0.47619383346839	0.713718370415656	0.689009433865561	0.341689120797762	0.188338429466488	0.493395263910405	0.459714284573459	0.695531409603194	0.110808675048353	0.148559480113527	0.463779605148402	0.485396412371902	0.780106961556581	0.900413292978766	0.572157960383643	0.186673850001784	0.417521431888324	0.810116676231587	0.304404591897896	0.281330267491712	0.796906919494138	0.527189117798661	0.61104744503435	0.274315112234502	0.318210775166519	0.851809051150271	0.743023389048017	0.227555379190267	0.296727635281216	0.412263836740397	0.683217765770139	0.897788724344873	0.509361453083258	0.592243717073088	0.880236276263254	0.348970537243426
GTF3C1	0.212967021206192	0.245668445605634	0.0128284722612719	0.301847269696778	0.351912055377523	0.102761341492235	0.29295852804085	0.172064578887481	0.203498850745332	0.251282820323914	0.420342238840035	0.177298985815888	0.330780828650441	0.448453417447722	0.277613576786555	0.187045279339815	0.261212766772635	0.0896306351317586	0.512427006750137	0.26457291510351	0.4251134601929	0.548980298358648	0.393915108452833	0.466061820350097	1	0.115530789714552	0.144517195305292	0.353259865373253	0.0908109048332229	0.378486529676816	0.466225514919232	0.229896952294642	0.399923138276601	0.138955037810034	0.331403384917083	0.414004770371136	0.297848658145145	0.176758582078532	0.31121544629592	0.302809333641084	0.205479716975865	0.46754417556254	0.234070456531819	0.121119726065914	0.0998406652396951	0.512571637126538	0.322300770394316	0.061256059894447	0.322669747366591	0.472679062428603	0.4236957488236	0.393209236994752	0.275712744102368	0.440851762901811	0.419978740753672	0.136927278162507	0.19634534590968	0.339520811818137	0.290982744128134	0.494354871157978	0.299155330746762	0.052363834420856	0.28309868144008	0.306471882469719	0.525413932141783	0.51875392563901	0.439321808093276	0.196443396671848	0.474458738527407	0.501187206324187	0.219413547941293	0.287348172475945	0.465927533987721	0.387011447057834	0.4780326391204	0.181673382293553	0.197760711410228	0.491414023919724	0.417260897126268	0.273008866911213	0.21085530752984	0.25219778703428	0.436487804710524	0.508573800749985	0.41514539254232	0.263744893323137	0.495922224819925	0.209839324701513
